1709648179.7141113	22.132698528962948	19.72349386559238
1709648180.460963	22.120490752609413	19.74363669657572
1709648180.6378665	22.120490752609413	19.74363669657572
1709648180.8140392	22.144906305316486	19.74363669657572
1709648180.9924512	22.144906305316486	19.763779527559052
1709648181.165272	22.144906305316486	19.763779527559052
1709648181.3435466	22.120490752609413	19.763779527559052
1709648181.5197103	22.120490752609413	19.763779527559052
1709648181.6978807	22.120490752609413	19.773850943050725
1709648181.8732843	22.144906305316486	19.773850943050725
1709648182.0512638	22.120490752609413	19.773850943050725
1709648182.2275374	22.144906305316486	19.773850943050725
1709648182.404777	22.144906305316486	19.793993774034057
1709648182.5809734	22.120490752609413	19.793993774034057
1709648182.7571013	22.120490752609413	19.773850943050725
1709648182.9322834	22.120490752609413	19.773850943050725
1709648183.1261914	22.120490752609413	19.793993774034057
1709648183.2964275	22.120490752609413	19.793993774034057
1709648183.4707656	22.120490752609413	19.793993774034057
1709648183.64696	22.120490752609413	19.793993774034057
1709648183.8241003	22.120490752609413	19.793993774034057
1709648184.0012789	22.132698528962948	19.80406518952573
1709648184.1783483	22.120490752609413	19.793993774034057
1709648184.354663	22.132698528962948	19.80406518952573
1709648184.5308142	22.132698528962948	19.80406518952573
1709648184.70691	22.132698528962948	19.80406518952573
1709648184.8831246	22.132698528962948	19.80406518952573
1709648185.0593104	22.132698528962948	19.80406518952573
1709648185.2341359	22.132698528962948	19.814136605017396
1709648185.4106486	22.132698528962948	19.80406518952573
1709648185.585835	22.132698528962948	19.814136605017396
1709648185.761981	22.108282976255875	19.814136605017396
1709648185.9381318	22.132698528962948	19.80406518952573
1709648186.114253	22.108282976255875	19.814136605017396
1709648186.2904963	22.108282976255875	19.814136605017396
1709648186.466668	22.108282976255875	19.814136605017396
1709648186.664613	22.108282976255875	19.80406518952573
1709648186.8389423	22.108282976255875	19.814136605017396
1709648187.016104	22.108282976255875	19.814136605017396
1709648187.1921363	22.108282976255875	19.814136605017396
1709648187.3704436	22.108282976255875	19.814136605017396
1709648187.546596	22.108282976255875	19.814136605017396
1709648187.7226	22.108282976255875	19.834279436000735
1709648187.8979697	22.108282976255875	19.834279436000735
1709648188.0731068	22.108282976255875	19.814136605017396
1709648188.2483072	22.108282976255875	19.834279436000735
1709648188.4244137	22.108282976255875	19.834279436000735
1709648188.6006331	22.108282976255875	19.834279436000735
1709648188.776845	22.108282976255875	19.814136605017396
1709648188.952987	22.08997131172557	19.814136605017396
1709648189.1301491	22.08997131172557	19.814136605017396
1709648189.3051612	22.08997131172557	19.834279436000735
1709648189.4804835	22.08997131172557	19.814136605017396
1709648189.657669	22.08997131172557	19.834279436000735
1709648189.8338785	22.08997131172557	19.834279436000735
1709648190.011036	22.08997131172557	19.834279436000735
1709648190.187179	22.08997131172557	19.834279436000735
1709648190.3832538	22.08997131172557	19.8443508514924
1709648190.5592556	22.08997131172557	19.834279436000735
1709648190.733615	22.08997131172557	19.834279436000735
1709648190.908777	22.08997131172557	19.834279436000735
1709648191.0839665	22.08997131172557	19.834279436000735
1709648191.258875	22.08997131172557	19.834279436000735
1709648191.4341948	22.08997131172557	19.8443508514924
1709648191.6115432	22.08997131172557	19.834279436000735
1709648191.7876427	22.08997131172557	19.8443508514924
1709648191.9648635	22.08997131172557	19.8443508514924
1709648192.1409967	22.08997131172557	19.8443508514924
1709648192.31715	22.08997131172557	19.834279436000735
1709648192.4911268	22.08997131172557	19.834279436000735
1709648192.6675897	22.08997131172557	19.8443508514924
1709648192.8445451	22.08997131172557	19.8443508514924
1709648193.0208924	22.08997131172557	19.8443508514924
1709648193.1960273	22.065555759018494	19.8443508514924
1709648193.3710742	22.065555759018494	19.8443508514924
1709648193.546296	22.065555759018494	19.8443508514924
1709648193.722549	22.065555759018494	19.8443508514924
1709648193.9206083	22.065555759018494	19.8443508514924
1709648194.0967536	22.065555759018494	19.8443508514924
1709648194.2719975	22.065555759018494	19.834279436000735
1709648194.44714	22.065555759018494	19.8443508514924
1709648194.623223	22.065555759018494	19.8443508514924
1709648194.7993894	22.065555759018494	19.8443508514924
1709648194.974656	22.065555759018494	19.86449368247574
1709648195.1508539	22.065555759018494	19.8443508514924
1709648195.3276854	22.065555759018494	19.8443508514924
1709648195.4851706	22.065555759018494	19.8443508514924
1709648195.6604364	22.065555759018494	19.8443508514924
1709648195.8365955	22.065555759018494	19.8443508514924
1709648196.012754	22.065555759018494	19.8443508514924
1709648196.187964	22.065555759018494	19.8443508514924
1709648196.3631375	22.065555759018494	19.8443508514924
1709648196.539291	22.065555759018494	19.8443508514924
1709648196.7154806	22.065555759018494	19.86449368247574
1709648196.8925138	22.065555759018494	19.8443508514924
1709648197.0678484	22.065555759018494	19.8443508514924
1709648197.2448773	22.04114020631142	19.86449368247574
1709648197.4190702	22.04114020631142	19.86449368247574
1709648197.6141865	22.04114020631142	19.8443508514924
1709648197.7902246	22.04114020631142	19.8443508514924
1709648197.9666016	22.065555759018494	19.86449368247574
1709648198.1427407	22.04114020631142	19.8443508514924
1709648198.3188198	22.04114020631142	19.86449368247574
1709648198.4940517	22.065555759018494	19.8443508514924
1709648198.6692786	22.04114020631142	19.86449368247574
1709648198.8311684	22.04114020631142	19.86449368247574
1709648199.0065575	22.04114020631142	19.86449368247574
1709648199.180887	22.04114020631142	19.8443508514924
1709648199.3439848	22.04114020631142	19.86449368247574
1709648199.5172627	22.04114020631142	19.86449368247574
1709648199.6914587	22.04114020631142	19.86449368247574
1709648199.868559	22.04114020631142	19.86449368247574
1709648200.044592	22.04114020631142	19.86449368247574
1709648200.2199798	22.04114020631142	19.86449368247574
1709648200.3961513	22.04114020631142	19.8443508514924
1709648200.5711856	22.04114020631142	19.86449368247574
1709648200.7472994	22.04114020631142	19.86449368247574
1709648200.9246678	22.04114020631142	19.86449368247574
1709648201.1007104	22.04114020631142	19.86449368247574
1709648201.2957642	22.04114020631142	19.86449368247574
1709648201.4687738	22.04114020631142	19.86449368247574
1709648201.644274	22.04114020631142	19.86449368247574
1709648201.8203366	22.04114020631142	19.86449368247574
1709648201.996604	22.04114020631142	19.874565097967405
1709648202.1726472	22.04114020631142	19.86449368247574
1709648202.3479903	22.04114020631142	19.874565097967405
1709648202.5250604	22.04114020631142	19.86449368247574
1709648202.6892865	22.04114020631142	19.86449368247574
1709648202.8665442	22.04114020631142	19.86449368247574
1709648203.0426235	22.04114020631142	19.86449368247574
1709648203.2179132	22.04114020631142	19.86449368247574
1709648203.3949754	22.04114020631142	19.86449368247574
1709648203.5630538	22.04114020631142	19.86449368247574
1709648203.738341	22.016724653604346	19.86449368247574
1709648203.9154131	22.016724653604346	19.874565097967405
1709648204.0908144	22.016724653604346	19.86449368247574
1709648204.266971	22.04114020631142	19.874565097967405
1709648204.4440355	22.016724653604346	19.86449368247574
1709648204.6190941	22.016724653604346	19.86449368247574
1709648204.817381	22.016724653604346	19.874565097967405
1709648204.9944232	22.016724653604346	19.874565097967405
1709648205.1705859	22.016724653604346	19.86449368247574
1709648205.3468223	22.016724653604346	19.874565097967405
1709648205.5219085	22.016724653604346	19.86449368247574
1709648205.6969569	22.016724653604346	19.874565097967405
1709648205.8743787	22.016724653604346	19.86449368247574
1709648206.0515447	22.016724653604346	19.874565097967405
1709648206.2288227	22.016724653604346	19.874565097967405
1709648206.4049113	22.016724653604346	19.874565097967405
1709648206.5819628	22.016724653604346	19.874565097967405
1709648206.7592397	22.016724653604346	19.874565097967405
1709648206.9353907	22.016724653604346	19.874565097967405
1709648207.1124907	22.016724653604346	19.874565097967405
1709648207.2886732	22.016724653604346	19.88463651345907
1709648207.4657524	22.016724653604346	19.874565097967405
1709648207.6431322	22.016724653604346	19.874565097967405
1709648207.819898	22.016724653604346	19.874565097967405
1709648207.984371	22.016724653604346	19.874565097967405
1709648208.16054	22.016724653604346	19.86449368247574
1709648208.3596995	22.016724653604346	19.874565097967405
1709648208.5358274	22.016724653604346	19.874565097967405
1709648208.7130387	22.016724653604346	19.874565097967405
1709648208.8892033	22.016724653604346	19.88463651345907
1709648209.0662549	22.016724653604346	19.874565097967405
1709648209.2415605	22.016724653604346	19.874565097967405
1709648209.418632	22.016724653604346	19.874565097967405
1709648209.5939188	22.016724653604346	19.88463651345907
1709648209.7699854	22.016724653604346	19.874565097967405
1709648209.9462562	22.016724653604346	19.874565097967405
1709648210.1223094	22.016724653604346	19.88463651345907
1709648210.2985659	22.016724653604346	19.874565097967405
1709648210.4757435	22.016724653604346	19.88463651345907
1709648210.6519744	22.016724653604346	19.874565097967405
1709648210.8280833	22.016724653604346	19.88463651345907
1709648211.005266	22.016724653604346	19.874565097967405
1709648211.1814446	22.016724653604346	19.88463651345907
1709648211.3575401	22.016724653604346	19.88463651345907
1709648211.5325425	22.016724653604346	19.88463651345907
1709648211.708892	22.016724653604346	19.874565097967405
1709648211.8851314	22.016724653604346	19.874565097967405
1709648212.0710886	22.016724653604346	19.88463651345907
1709648212.244434	22.016724653604346	19.88463651345907
1709648212.4205985	22.016724653604346	19.88463651345907
1709648212.596698	22.016724653604346	19.88463651345907
1709648212.7719572	22.016724653604346	19.88463651345907
1709648212.949079	22.016724653604346	19.88463651345907
1709648213.125136	22.016724653604346	19.88463651345907
1709648213.299312	22.016724653604346	19.88463651345907
1709648213.4766564	22.016724653604346	19.88463651345907
1709648213.6526423	22.016724653604346	19.88463651345907
1709648213.8269877	22.016724653604346	19.88463651345907
1709648214.0041122	22.016724653604346	19.874565097967405
1709648214.1803224	22.016724653604346	19.88463651345907
1709648214.3405585	22.016724653604346	19.874565097967405
1709648214.5167537	22.016724653604346	19.88463651345907
1709648214.6928644	22.016724653604346	19.88463651345907
1709648214.8679264	22.016724653604346	19.88463651345907
1709648215.0431736	22.016724653604346	19.88463651345907
1709648215.2194383	22.016724653604346	19.88463651345907
1709648215.3955996	22.016724653604346	19.88463651345907
1709648215.5706148	22.016724653604346	19.88463651345907
1709648215.762901	22.016724653604346	19.88463651345907
1709648215.9389822	21.992309100897273	19.88463651345907
1709648216.1151698	22.016724653604346	19.88463651345907
1709648216.292455	22.016724653604346	19.88463651345907
1709648216.4685473	21.992309100897273	19.88463651345907
1709648216.644616	22.016724653604346	19.90477934444241
1709648216.8198278	21.992309100897273	19.88463651345907
1709648216.9960837	21.992309100897273	19.90477934444241
1709648217.1721616	21.992309100897273	19.88463651345907
1709648217.3482916	21.992309100897273	19.88463651345907
1709648217.5235689	21.992309100897273	19.90477934444241
1709648217.6856828	22.016724653604346	19.88463651345907
1709648217.8499749	22.016724653604346	19.90477934444241
1709648218.0241947	21.992309100897273	19.88463651345907
1709648218.2022824	21.992309100897273	19.90477934444241
1709648218.378569	21.992309100897273	19.88463651345907
1709648218.556567	21.992309100897273	19.88463651345907
1709648218.7309582	21.992309100897273	19.90477934444241
1709648218.9079096	21.992309100897273	19.88463651345907
1709648219.0831645	21.992309100897273	19.90477934444241
1709648219.2812483	21.992309100897273	19.90477934444241
1709648219.4565206	21.992309100897273	19.88463651345907
1709648219.6324818	21.992309100897273	19.88463651345907
1709648219.800916	21.992309100897273	19.90477934444241
1709648219.977111	21.992309100897273	19.90477934444241
1709648220.15215	21.992309100897273	19.90477934444241
1709648220.3284013	21.992309100897273	19.88463651345907
1709648220.5056202	21.992309100897273	19.90477934444241
1709648220.680583	21.992309100897273	19.90477934444241
1709648220.855862	21.992309100897273	19.90477934444241
1709648221.0310416	21.992309100897273	19.90477934444241
1709648221.2072012	21.992309100897273	19.90477934444241
1709648221.3834522	21.992309100897273	19.90477934444241
1709648221.560534	21.992309100897273	19.90477934444241
1709648221.7334514	21.992309100897273	19.90477934444241
1709648221.908002	21.992309100897273	19.90477934444241
1709648222.0820112	21.992309100897273	19.90477934444241
1709648222.2573507	21.992309100897273	19.90477934444241
1709648222.434487	21.992309100897273	19.90477934444241
1709648222.5985954	21.992309100897273	19.90477934444241
1709648222.796827	21.992309100897273	19.90477934444241
1709648222.9719706	21.992309100897273	19.914850759934076
1709648223.1471722	21.992309100897273	19.90477934444241
1709648223.3223288	21.992309100897273	19.90477934444241
1709648223.4994936	21.992309100897273	19.90477934444241
1709648223.663593	21.992309100897273	19.90477934444241
1709648223.8399174	21.992309100897273	19.90477934444241
1709648224.0160677	21.992309100897273	19.914850759934076
1709648224.1941638	21.992309100897273	19.914850759934076
1709648224.370405	21.992309100897273	19.914850759934076
1709648224.5474017	21.992309100897273	19.90477934444241
1709648224.7235968	21.992309100897273	19.90477934444241
1709648224.8989425	21.992309100897273	19.914850759934076
1709648225.074951	21.992309100897273	19.92492217542575
1709648225.2512507	21.992309100897273	19.90477934444241
1709648225.416495	21.992309100897273	19.90477934444241
1709648225.5925667	21.992309100897273	19.914850759934076
1709648225.7674892	21.992309100897273	19.914850759934076
1709648225.940924	21.992309100897273	19.914850759934076
1709648226.1181548	21.992309100897273	19.90477934444241
1709648226.2953446	21.992309100897273	19.90477934444241
1709648226.4924324	21.992309100897273	19.914850759934076
1709648226.6675944	21.992309100897273	19.914850759934076
1709648226.8438702	21.992309100897273	19.914850759934076
1709648227.0188437	21.992309100897273	19.914850759934076
1709648227.1947744	21.992309100897273	19.914850759934076
1709648227.3711905	21.992309100897273	19.90477934444241
1709648227.545358	21.992309100897273	19.914850759934076
1709648227.7216358	21.992309100897273	19.90477934444241
1709648227.8988361	21.992309100897273	19.914850759934076
1709648228.0637481	21.992309100897273	19.914850759934076
1709648228.2398686	21.992309100897273	19.914850759934076
1709648228.3883302	21.992309100897273	19.914850759934076
1709648228.5515418	21.992309100897273	19.914850759934076
1709648228.72664	21.992309100897273	19.914850759934076
1709648228.898102	21.992309100897273	19.914850759934076
1709648229.075106	21.992309100897273	19.914850759934076
1709648229.248443	21.992309100897273	19.914850759934076
1709648229.4125783	21.992309100897273	19.914850759934076
1709648229.587611	21.992309100897273	19.914850759934076
1709648229.7629309	21.992309100897273	19.92492217542575
1709648229.9321425	21.992309100897273	19.914850759934076
1709648230.1133738	21.992309100897273	19.914850759934076
1709648230.289544	21.992309100897273	19.92492217542575
1709648230.4646053	21.992309100897273	19.92492217542575
1709648230.6375656	21.992309100897273	19.92492217542575
1709648230.8020103	21.992309100897273	19.92492217542575
1709648230.9772458	21.992309100897273	19.914850759934076
1709648231.154404	21.992309100897273	19.914850759934076
1709648231.3316567	21.992309100897273	19.92492217542575
1709648231.5068607	21.973997436366965	19.914850759934076
1709648231.6819987	21.973997436366965	19.914850759934076
1709648231.8548493	21.992309100897273	19.92492217542575
1709648232.0293794	21.973997436366965	19.914850759934076
1709648232.202566	21.973997436366965	19.914850759934076
1709648232.378627	21.992309100897273	19.914850759934076
1709648232.5548453	21.992309100897273	19.92492217542575
1709648232.7299879	21.992309100897273	19.92492217542575
1709648232.9061785	21.973997436366965	19.92492217542575
1709648233.0822742	21.992309100897273	19.92492217542575
1709648233.2576094	21.992309100897273	19.92492217542575
1709648233.4337623	21.992309100897273	19.914850759934076
1709648233.6308749	21.973997436366965	19.92492217542575
1709648233.806031	21.973997436366965	19.92492217542575
1709648233.9801311	21.973997436366965	19.92492217542575
1709648234.155288	21.973997436366965	19.92492217542575
1709648234.33153	21.973997436366965	19.92492217542575
1709648234.5067294	21.973997436366965	19.92492217542575
1709648234.6827712	21.973997436366965	19.92492217542575
1709648234.858042	21.992309100897273	19.92492217542575
1709648235.032283	21.973997436366965	19.92492217542575
1709648235.2104309	21.992309100897273	19.92492217542575
1709648235.3864672	21.973997436366965	19.92492217542575
1709648235.5627832	21.973997436366965	19.92492217542575
1709648235.7389762	21.973997436366965	19.92492217542575
1709648235.9149494	21.973997436366965	19.92492217542575
1709648236.0902774	21.973997436366965	19.92492217542575
1709648236.2663846	21.973997436366965	19.92492217542575
1709648236.4414759	21.980101324543735	19.94506500640908
1709648236.6156785	21.973997436366965	19.92492217542575
1709648236.790986	21.973997436366965	19.92492217542575
1709648236.9651668	21.973997436366965	19.92492217542575
1709648237.163246	21.973997436366965	19.92492217542575
1709648237.3394217	21.980101324543735	19.94506500640908
1709648237.5154636	21.973997436366965	19.92492217542575
1709648237.6916294	22.004516877250808	19.94506500640908
1709648237.8667753	21.980101324543735	19.94506500640908
1709648238.036966	21.980101324543735	19.94506500640908
1709648238.202234	21.980101324543735	19.94506500640908
1709648238.3784354	21.980101324543735	19.94506500640908
1709648238.553664	21.980101324543735	19.94506500640908
1709648238.7169275	21.980101324543735	19.94506500640908
1709648238.8811522	21.980101324543735	19.94506500640908
1709648239.055189	21.980101324543735	19.94506500640908
1709648239.2303503	21.980101324543735	19.94506500640908
1709648239.4045644	21.980101324543735	19.94506500640908
1709648239.5797167	21.980101324543735	19.94506500640908
1709648239.7560577	21.980101324543735	19.94506500640908
1709648239.9318864	21.980101324543735	19.94506500640908
1709648240.1082969	21.980101324543735	19.94506500640908
1709648240.2845466	21.980101324543735	19.94506500640908
1709648240.4605668	21.980101324543735	19.955136421900754
1709648240.635712	21.980101324543735	19.94506500640908
1709648240.83099	21.980101324543735	19.94506500640908
1709648241.0069573	21.980101324543735	19.94506500640908
1709648241.1873195	21.980101324543735	19.94506500640908
1709648241.363488	21.980101324543735	19.94506500640908
1709648241.5406728	21.980101324543735	19.94506500640908
1709648241.7178633	21.980101324543735	19.94506500640908
1709648241.8929296	21.980101324543735	19.94506500640908
1709648242.0678275	21.980101324543735	19.94506500640908
1709648242.232402	21.980101324543735	19.94506500640908
1709648242.4084706	21.980101324543735	19.94506500640908
1709648242.584645	21.980101324543735	19.94506500640908
1709648242.7619507	21.980101324543735	19.94506500640908
1709648242.9380782	21.980101324543735	19.94506500640908
1709648243.1152456	21.980101324543735	19.94506500640908
1709648243.2903037	21.980101324543735	19.94506500640908
1709648243.4665709	21.973997436366965	19.92492217542575
1709648243.6416068	21.980101324543735	19.94506500640908
1709648243.8157542	21.980101324543735	19.94506500640908
1709648243.9900303	21.980101324543735	19.94506500640908
1709648244.1682882	21.980101324543735	19.94506500640908
1709648244.3444042	21.980101324543735	19.94506500640908
1709648244.5374267	21.980101324543735	19.94506500640908
1709648244.7137141	21.980101324543735	19.94506500640908
1709648244.8769631	21.980101324543735	19.94506500640908
1709648245.0529954	21.980101324543735	19.94506500640908
1709648245.2282197	21.980101324543735	19.94506500640908
1709648245.4044843	21.980101324543735	19.94506500640908
1709648245.5796561	21.980101324543735	19.94506500640908
1709648245.7558613	21.980101324543735	19.94506500640908
1709648245.932056	21.980101324543735	19.94506500640908
1709648246.1058376	21.980101324543735	19.94506500640908
1709648246.271325	21.980101324543735	19.94506500640908
1709648246.4485674	21.980101324543735	19.94506500640908
1709648246.6256688	21.980101324543735	19.955136421900754
1709648246.800928	21.980101324543735	19.94506500640908
1709648246.9779804	21.980101324543735	19.94506500640908
1709648247.153314	21.980101324543735	19.94506500640908
1709648247.3314254	21.980101324543735	19.94506500640908
1709648247.5066035	21.980101324543735	19.94506500640908
1709648247.6817453	21.980101324543735	19.94506500640908
1709648247.8577487	21.980101324543735	19.94506500640908
1709648248.0527692	21.980101324543735	19.955136421900754
1709648248.224035	21.980101324543735	19.955136421900754
1709648248.400395	21.980101324543735	19.955136421900754
1709648248.5765522	21.980101324543735	19.94506500640908
1709648248.7527359	21.980101324543735	19.94506500640908
1709648248.92893	21.980101324543735	19.955136421900754
1709648249.1017392	21.980101324543735	19.955136421900754
1709648249.2771702	21.980101324543735	19.94506500640908
1709648249.4524372	21.95568577183666	19.94506500640908
1709648249.628623	21.980101324543735	19.955136421900754
1709648249.8048172	21.95568577183666	19.955136421900754
1709648249.9809644	21.980101324543735	19.955136421900754
1709648250.1549869	21.95568577183666	19.94506500640908
1709648250.3313208	21.980101324543735	19.955136421900754
1709648250.5074763	21.980101324543735	19.94506500640908
1709648250.6836421	21.980101324543735	19.94506500640908
1709648250.8597593	21.95568577183666	19.955136421900754
1709648251.0358846	21.95568577183666	19.955136421900754
1709648251.2111714	21.95568577183666	19.955136421900754
1709648251.3873312	21.95568577183666	19.94506500640908
1709648251.5753913	21.980101324543735	19.94506500640908
1709648251.7504082	21.980101324543735	19.955136421900754
1709648251.9255798	21.95568577183666	19.955136421900754
1709648252.0986598	21.95568577183666	19.955136421900754
1709648252.2678719	21.95568577183666	19.955136421900754
1709648252.4471276	21.95568577183666	19.94506500640908
1709648252.6243029	21.95568577183666	19.955136421900754
1709648252.797486	21.95568577183666	19.955136421900754
1709648252.9736516	21.95568577183666	19.955136421900754
1709648253.1368828	21.95568577183666	19.955136421900754
1709648253.3119557	21.980101324543735	19.94506500640908
1709648253.487131	21.95568577183666	19.955136421900754
1709648253.661431	21.95568577183666	19.955136421900754
1709648253.83558	21.95568577183666	19.955136421900754
1709648253.9988277	21.95568577183666	19.955136421900754
1709648254.1620088	21.95568577183666	19.955136421900754
1709648254.329431	21.95568577183666	19.955136421900754
1709648254.5055873	21.95568577183666	19.955136421900754
1709648254.6807706	21.95568577183666	19.955136421900754
1709648254.8580143	21.95568577183666	19.955136421900754
1709648255.034113	21.95568577183666	19.975279252884086
1709648255.2311835	21.95568577183666	19.955136421900754
1709648255.4074624	21.95568577183666	19.955136421900754
1709648255.5846057	21.95568577183666	19.955136421900754
1709648255.7607625	21.95568577183666	19.955136421900754
1709648255.937897	21.95568577183666	19.955136421900754
1709648256.1010804	21.95568577183666	19.955136421900754
1709648256.264392	21.95568577183666	19.955136421900754
1709648256.4405699	21.95568577183666	19.975279252884086
1709648256.6177344	21.95568577183666	19.955136421900754
1709648256.794948	21.95568577183666	19.955136421900754
1709648256.9710972	21.95568577183666	19.975279252884086
1709648257.149247	21.95568577183666	19.975279252884086
1709648257.3263617	21.95568577183666	19.975279252884086
1709648257.503576	21.95568577183666	19.955136421900754
1709648257.6807187	21.95568577183666	19.975279252884086
1709648257.8577065	21.95568577183666	19.955136421900754
1709648258.0311604	21.95568577183666	19.955136421900754
1709648258.208189	21.95568577183666	19.955136421900754
1709648258.3852608	21.95568577183666	19.955136421900754
1709648258.5595012	21.95568577183666	19.955136421900754
1709648258.7355177	21.95568577183666	19.975279252884086
1709648258.930707	21.95568577183666	19.955136421900754
1709648259.104887	21.95568577183666	19.955136421900754
1709648259.2801208	21.95568577183666	19.975279252884086
1709648259.4553864	21.95568577183666	19.955136421900754
1709648259.6295543	21.95568577183666	19.955136421900754
1709648259.7928383	21.95568577183666	19.955136421900754
1709648259.9698956	21.95568577183666	19.975279252884086
1709648260.1332047	21.95568577183666	19.975279252884086
1709648260.2951117	21.95568577183666	19.975279252884086
1709648260.4705117	21.95568577183666	19.975279252884086
1709648260.6458356	21.95568577183666	19.955136421900754
1709648260.820873	21.95568577183666	19.975279252884086
1709648260.99616	21.95568577183666	19.955136421900754
1709648261.172247	21.95568577183666	19.975279252884086
1709648261.350348	21.95568577183666	19.975279252884086
1709648261.5265408	21.95568577183666	19.975279252884086
1709648261.7037115	21.95568577183666	19.975279252884086
1709648261.8799324	21.95568577183666	19.975279252884086
1709648262.0549023	21.95568577183666	19.975279252884086
1709648262.2303433	21.95568577183666	19.975279252884086
1709648262.4163013	21.95568577183666	19.975279252884086
1709648262.5914884	21.95568577183666	19.955136421900754
1709648262.766473	21.95568577183666	19.975279252884086
1709648262.9410043	21.95568577183666	19.975279252884086
1709648263.1171963	21.95568577183666	19.975279252884086
1709648263.2802858	21.95568577183666	19.975279252884086
1709648263.4434621	21.95568577183666	19.975279252884086
1709648263.6088977	21.95568577183666	19.975279252884086
1709648263.7838902	21.95568577183666	19.955136421900754
1709648263.9592016	21.95568577183666	19.975279252884086
1709648264.1353323	21.95568577183666	19.975279252884086
1709648264.3122838	21.931270219129587	19.975279252884086
1709648264.485631	21.95568577183666	19.975279252884086
1709648264.6619215	21.931270219129587	19.975279252884086
1709648264.8370838	21.95568577183666	19.975279252884086
1709648265.0021222	21.95568577183666	19.975279252884086
1709648265.17638	21.95568577183666	19.975279252884086
1709648265.3535652	21.931270219129587	19.975279252884086
1709648265.5307317	21.95568577183666	19.975279252884086
1709648265.707965	21.95568577183666	19.975279252884086
1709648265.9069662	21.95568577183666	19.975279252884086
1709648266.0821533	21.95568577183666	19.975279252884086
1709648266.2582245	21.931270219129587	19.955136421900754
1709648266.4325397	21.95568577183666	19.975279252884086
1709648266.608737	21.95568577183666	19.975279252884086
1709648266.7846458	21.95568577183666	19.975279252884086
1709648266.9590116	21.95568577183666	19.975279252884086
1709648267.1352777	21.95568577183666	19.975279252884086
1709648267.3124273	21.95568577183666	19.975279252884086
1709648267.4865367	21.95568577183666	19.975279252884086
1709648267.6618304	21.95568577183666	19.975279252884086
1709648267.8219538	21.95568577183666	19.975279252884086
1709648267.9871697	21.95568577183666	19.955136421900754
1709648268.1643336	21.95568577183666	19.955136421900754
1709648268.3395104	21.95568577183666	19.975279252884086
1709648268.5078433	21.95568577183666	19.975279252884086
1709648268.6848722	21.95568577183666	19.955136421900754
1709648268.8631504	21.931270219129587	19.955136421900754
1709648269.0392454	21.95568577183666	19.975279252884086
1709648269.2154143	21.95568577183666	19.975279252884086
1709648269.3905184	21.95568577183666	19.955136421900754
1709648269.5877366	21.931270219129587	19.955136421900754
1709648269.7629497	21.931270219129587	19.975279252884086
1709648269.9281213	21.931270219129587	19.975279252884086
1709648270.104268	21.931270219129587	19.975279252884086
1709648270.2804813	21.931270219129587	19.955136421900754
1709648270.4553099	21.95568577183666	19.955136421900754
1709648270.6308546	21.931270219129587	19.975279252884086
1709648270.8089929	21.931270219129587	19.975279252884086
1709648270.9861603	21.95568577183666	19.975279252884086
1709648271.1633353	21.931270219129587	19.975279252884086
1709648271.3403435	21.931270219129587	19.975279252884086
1709648271.5167396	21.931270219129587	19.975279252884086
1709648271.692711	21.931270219129587	19.975279252884086
1709648271.8689966	21.931270219129587	19.975279252884086
1709648272.044868	21.931270219129587	19.975279252884086
1709648272.2152755	21.931270219129587	19.975279252884086
1709648272.39154	21.931270219129587	19.975279252884086
1709648272.564739	21.931270219129587	19.975279252884086
1709648272.7408614	21.95568577183666	19.975279252884086
1709648272.9169734	21.931270219129587	19.975279252884086
1709648273.0920522	21.931270219129587	19.975279252884086
1709648273.2872484	21.931270219129587	19.975279252884086
1709648273.463523	21.931270219129587	19.975279252884086
1709648273.639669	21.931270219129587	19.975279252884086
1709648273.8168726	21.931270219129587	19.975279252884086
1709648273.9940217	21.931270219129587	19.975279252884086
1709648274.1711946	21.931270219129587	19.975279252884086
1709648274.3352838	21.931270219129587	19.975279252884086
1709648274.5092392	21.931270219129587	19.975279252884086
1709648274.6836433	21.931270219129587	19.975279252884086
1709648274.8608649	21.931270219129587	19.975279252884086
1709648275.0371346	21.931270219129587	19.975279252884086
1709648275.2022238	21.931270219129587	19.975279252884086
1709648275.3783422	21.931270219129587	19.975279252884086
1709648275.554682	21.931270219129587	19.975279252884086
1709648275.7317157	21.931270219129587	19.975279252884086
1709648275.9079058	21.931270219129587	19.975279252884086
1709648276.0851834	21.931270219129587	19.975279252884086
1709648276.261206	21.931270219129587	19.975279252884086
1709648276.4363432	21.931270219129587	19.98535066837576
1709648276.610697	21.931270219129587	19.975279252884086
1709648276.8096719	21.931270219129587	19.975279252884086
1709648276.9859571	21.931270219129587	19.975279252884086
1709648277.1619456	21.931270219129587	19.975279252884086
1709648277.325213	21.931270219129587	19.975279252884086
1709648277.4904401	21.931270219129587	19.975279252884086
1709648277.6666238	21.931270219129587	19.975279252884086
1709648277.842964	21.931270219129587	19.975279252884086
1709648278.0190916	21.931270219129587	19.975279252884086
1709648278.1963022	21.931270219129587	19.975279252884086
1709648278.373325	21.931270219129587	19.975279252884086
1709648278.5462642	21.931270219129587	19.975279252884086
1709648278.7226634	21.931270219129587	19.975279252884086
1709648278.8997266	21.931270219129587	19.975279252884086
1709648279.0739882	21.931270219129587	19.975279252884086
1709648279.250278	21.931270219129587	19.975279252884086
1709648279.4274466	21.931270219129587	19.975279252884086
1709648279.6025376	21.931270219129587	19.975279252884086
1709648279.7778273	21.931270219129587	19.975279252884086
1709648279.9529743	21.931270219129587	19.975279252884086
1709648280.128149	21.931270219129587	19.975279252884086
1709648280.3262377	21.931270219129587	19.975279252884086
1709648280.5014029	21.931270219129587	19.975279252884086
1709648280.6745992	21.931270219129587	19.975279252884086
1709648280.8507707	21.931270219129587	19.975279252884086
1709648281.027945	21.931270219129587	19.975279252884086
1709648281.2041085	21.931270219129587	19.975279252884086
1709648281.3822675	21.931270219129587	19.975279252884086
1709648281.557302	21.931270219129587	19.975279252884086
1709648281.7324705	21.931270219129587	19.975279252884086
1709648281.9077182	21.931270219129587	19.975279252884086
1709648282.0819576	21.931270219129587	19.975279252884086
1709648282.256134	21.931270219129587	19.975279252884086
1709648282.4331145	21.931270219129587	19.975279252884086
1709648282.6091552	21.931270219129587	19.975279252884086
1709648282.784658	21.931270219129587	19.975279252884086
1709648282.9608757	21.931270219129587	19.975279252884086
1709648283.136844	21.931270219129587	19.975279252884086
1709648283.3131876	21.931270219129587	19.975279252884086
1709648283.4903502	21.931270219129587	19.975279252884086
1709648283.655429	21.931270219129587	19.975279252884086
1709648283.8317373	21.931270219129587	19.975279252884086
1709648284.029714	21.931270219129587	19.975279252884086
1709648284.2058942	21.931270219129587	19.975279252884086
1709648284.3831573	21.931270219129587	19.975279252884086
1709648284.5603092	21.931270219129587	19.975279252884086
1709648284.7333786	21.931270219129587	19.975279252884086
1709648284.9106605	21.931270219129587	19.975279252884086
1709648285.0847	21.931270219129587	19.975279252884086
1709648285.2618363	21.931270219129587	19.975279252884086
1709648285.4362035	21.931270219129587	19.975279252884086
1709648285.6133575	21.931270219129587	19.98535066837576
1709648285.7905009	21.931270219129587	19.975279252884086
1709648285.9676743	21.931270219129587	19.975279252884086
1709648286.1428218	21.931270219129587	19.975279252884086
1709648286.3190248	21.931270219129587	19.975279252884086
1709648286.4962082	21.931270219129587	19.975279252884086
1709648286.6710956	21.931270219129587	19.975279252884086
1709648286.84539	21.931270219129587	19.975279252884086
1709648287.0218396	21.931270219129587	19.975279252884086
1709648287.197939	21.931270219129587	19.98535066837576
1709648287.3741107	21.931270219129587	19.975279252884086
1709648287.5491726	21.931270219129587	19.98535066837576
1709648287.7442114	21.931270219129587	19.975279252884086
1709648287.9214795	21.931270219129587	19.975279252884086
1709648288.0945332	21.931270219129587	19.975279252884086
1709648288.2608523	21.931270219129587	19.975279252884086
1709648288.4359753	21.931270219129587	19.975279252884086
1709648288.613164	21.931270219129587	19.975279252884086
1709648288.7870934	21.931270219129587	19.975279252884086
1709648288.9543092	21.931270219129587	19.975279252884086
1709648289.1187859	21.931270219129587	19.975279252884086
1709648289.295969	21.931270219129587	19.975279252884086
1709648289.4721456	21.931270219129587	19.975279252884086
1709648289.6492622	21.931270219129587	19.975279252884086
1709648289.8263936	21.931270219129587	19.975279252884086
1709648290.0026217	21.931270219129587	19.975279252884086
1709648290.1789107	21.931270219129587	19.975279252884086
1709648290.3560543	21.931270219129587	19.975279252884086
1709648290.5331564	21.931270219129587	19.98535066837576
1709648290.7091458	21.931270219129587	19.975279252884086
1709648290.884561	21.931270219129587	19.98535066837576
1709648291.0615408	21.931270219129587	19.975279252884086
1709648291.2578335	21.931270219129587	19.955136421900754
1709648291.4349601	21.931270219129587	19.975279252884086
1709648291.6111507	21.931270219129587	19.975279252884086
1709648291.7863142	21.931270219129587	19.975279252884086
1709648291.9624717	21.931270219129587	19.98535066837576
1709648292.1375618	21.931270219129587	19.975279252884086
1709648292.3019402	21.931270219129587	19.98535066837576
1709648292.4671197	21.931270219129587	19.98535066837576
1709648292.6261995	21.931270219129587	19.98535066837576
1709648292.7882538	21.931270219129587	19.975279252884086
1709648292.9536982	21.931270219129587	19.98535066837576
1709648293.1288557	21.931270219129587	19.975279252884086
1709648293.2931361	21.931270219129587	19.975279252884086
1709648293.4693732	21.931270219129587	19.975279252884086
1709648293.6444542	21.931270219129587	19.98535066837576
1709648293.8207514	21.931270219129587	19.98535066837576
1709648293.995819	21.931270219129587	19.98535066837576
1709648294.1710992	21.931270219129587	19.98535066837576
1709648294.3472679	21.931270219129587	19.98535066837576
1709648294.5234435	21.931270219129587	19.995422083867425
1709648294.7214224	21.931270219129587	19.98535066837576
1709648294.895617	21.931270219129587	19.98535066837576
1709648295.0718846	21.931270219129587	19.98535066837576
1709648295.2478743	21.931270219129587	19.98535066837576
1709648295.4231513	21.931270219129587	19.98535066837576
1709648295.5983944	21.931270219129587	19.975279252884086
1709648295.7634685	21.931270219129587	19.98535066837576
1709648295.9387095	21.931270219129587	19.98535066837576
1709648296.1138697	21.931270219129587	19.98535066837576
1709648296.2901456	21.931270219129587	19.98535066837576
1709648296.467153	21.931270219129587	19.98535066837576
1709648296.6434665	21.931270219129587	19.98535066837576
1709648296.818408	21.931270219129587	19.98535066837576
1709648296.9938474	21.931270219129587	19.98535066837576
1709648297.1709912	21.931270219129587	19.98535066837576
1709648297.346001	21.931270219129587	19.995422083867425
1709648297.521344	21.931270219129587	19.98535066837576
1709648297.6845806	21.931270219129587	19.98535066837576
1709648297.847667	21.931270219129587	19.995422083867425
1709648298.0230267	21.931270219129587	19.995422083867425
1709648298.1981578	21.931270219129587	19.98535066837576
1709648298.3962119	21.931270219129587	19.98535066837576
1709648298.5712721	21.931270219129587	19.98535066837576
1709648298.7356374	21.931270219129587	19.98535066837576
1709648298.9106548	21.931270219129587	19.98535066837576
1709648299.0849907	21.931270219129587	19.995422083867425
1709648299.2610815	21.931270219129587	19.995422083867425
1709648299.4372094	21.931270219129587	19.98535066837576
1709648299.613472	21.931270219129587	19.98535066837576
1709648299.789671	21.931270219129587	19.98535066837576
1709648299.9549098	21.931270219129587	19.98535066837576
1709648300.1309865	21.931270219129587	19.98535066837576
1709648300.307147	21.931270219129587	19.995422083867425
1709648300.4834087	21.931270219129587	19.98535066837576
1709648300.6594768	21.931270219129587	19.98535066837576
1709648300.8356552	21.931270219129587	19.98535066837576
1709648301.0029671	21.931270219129587	19.995422083867425
1709648301.1790395	21.931270219129587	19.98535066837576
1709648301.3543088	21.931270219129587	19.995422083867425
1709648301.5303912	21.931270219129587	19.98535066837576
1709648301.7076533	21.931270219129587	19.995422083867425
1709648301.8846636	21.931270219129587	19.98535066837576
1709648302.0775604	21.931270219129587	19.98535066837576
1709648302.2421343	21.931270219129587	19.995422083867425
1709648302.4182851	21.931270219129587	19.995422083867425
1709648302.5953305	21.931270219129587	19.995422083867425
1709648302.769621	21.931270219129587	19.995422083867425
1709648302.9436717	21.931270219129587	19.995422083867425
1709648303.1178796	21.931270219129587	19.995422083867425
1709648303.2931998	21.931270219129587	19.995422083867425
1709648303.4693396	21.931270219129587	19.995422083867425
1709648303.6463816	21.931270219129587	19.995422083867425
1709648303.8216956	21.931270219129587	19.995422083867425
1709648303.9989119	21.931270219129587	19.995422083867425
1709648304.1619346	21.931270219129587	19.995422083867425
1709648304.335164	21.931270219129587	19.995422083867425
1709648304.5103745	21.931270219129587	19.995422083867425
1709648304.6866138	21.931270219129587	20.015564914850756
1709648304.8626964	21.931270219129587	19.995422083867425
1709648305.0359917	21.931270219129587	19.995422083867425
1709648305.2010148	21.931270219129587	19.995422083867425
1709648305.376401	21.931270219129587	19.995422083867425
1709648305.5732996	21.931270219129587	19.98535066837576
1709648305.737553	21.931270219129587	19.995422083867425
1709648305.9128864	21.931270219129587	19.995422083867425
1709648306.0880275	21.931270219129587	19.995422083867425
1709648306.2520592	21.931270219129587	19.995422083867425
1709648306.4284413	21.931270219129587	19.995422083867425
1709648306.6045609	21.931270219129587	20.015564914850756
1709648306.7816966	21.931270219129587	19.995422083867425
1709648306.9558425	21.931270219129587	19.995422083867425
1709648307.1310265	21.931270219129587	20.015564914850756
1709648307.3061948	21.931270219129587	19.995422083867425
1709648307.4823914	21.931270219129587	20.015564914850756
1709648307.658651	21.931270219129587	19.995422083867425
1709648307.8358333	21.931270219129587	20.015564914850756
1709648308.011991	21.931270219129587	19.995422083867425
1709648308.188014	21.931270219129587	20.015564914850756
1709648308.3652117	21.931270219129587	20.015564914850756
1709648308.5403771	21.931270219129587	20.015564914850756
1709648308.7155344	21.931270219129587	20.015564914850756
1709648308.8808386	21.931270219129587	19.995422083867425
1709648309.0788279	21.931270219129587	19.995422083867425
1709648309.253169	21.931270219129587	20.015564914850756
1709648309.41736	21.931270219129587	19.995422083867425
1709648309.580394	21.931270219129587	19.995422083867425
1709648309.7546256	21.931270219129587	20.015564914850756
1709648309.9288945	21.931270219129587	20.015564914850756
1709648310.1040595	21.931270219129587	20.015564914850756
1709648310.2803216	21.931270219129587	20.015564914850756
1709648310.4563773	21.931270219129587	20.015564914850756
1709648310.6196342	21.931270219129587	20.015564914850756
1709648310.7925458	21.931270219129587	19.995422083867425
1709648310.9529936	21.931270219129587	20.015564914850756
1709648311.1273313	21.931270219129587	19.995422083867425
1709648311.3035202	21.931270219129587	19.995422083867425
1709648311.4816859	21.931270219129587	20.015564914850756
1709648311.6588664	21.931270219129587	20.015564914850756
1709648311.8360074	21.931270219129587	20.015564914850756
1709648312.0131583	21.931270219129587	19.995422083867425
1709648312.1883442	21.931270219129587	19.995422083867425
1709648312.3655105	21.931270219129587	19.995422083867425
1709648312.5296202	21.931270219129587	19.995422083867425
1709648312.7278242	21.931270219129587	19.995422083867425
1709648312.902996	21.931270219129587	20.015564914850756
1709648313.0778456	21.931270219129587	20.015564914850756
1709648313.2533333	21.931270219129587	19.995422083867425
1709648313.4303632	21.931270219129587	20.015564914850756
1709648313.605545	21.931270219129587	20.015564914850756
1709648313.7817087	21.931270219129587	20.015564914850756
1709648313.9580405	21.931270219129587	20.015564914850756
1709648314.1342146	21.931270219129587	20.015564914850756
1709648314.312368	21.931270219129587	20.015564914850756
1709648314.4885478	21.931270219129587	20.015564914850756
1709648314.664544	21.931270219129587	20.015564914850756
1709648314.8365457	21.931270219129587	20.015564914850756
1709648315.0029848	21.931270219129587	20.02563633034243
1709648315.1769805	21.931270219129587	20.015564914850756
1709648315.3521194	21.931270219129587	20.015564914850756
1709648315.5284214	21.931270219129587	20.02563633034243
1709648315.7034876	21.931270219129587	20.02563633034243
1709648315.8796463	21.931270219129587	20.02563633034243
1709648316.049865	21.931270219129587	20.015564914850756
1709648316.2270105	21.931270219129587	20.02563633034243
1709648316.410485	21.931270219129587	20.015564914850756
1709648316.585318	21.931270219129587	20.015564914850756
1709648316.7575452	21.931270219129587	20.02563633034243
1709648316.9306943	21.931270219129587	20.02563633034243
1709648317.1049223	21.931270219129587	20.02563633034243
1709648317.2800443	21.931270219129587	20.02563633034243
1709648317.4432786	21.931270219129587	20.02563633034243
1709648317.6164768	21.931270219129587	20.015564914850756
1709648317.790656	21.931270219129587	20.02563633034243
1709648317.9538817	21.931270219129587	20.02563633034243
1709648318.1162844	21.931270219129587	20.02563633034243
1709648318.2883103	21.931270219129587	20.02563633034243
1709648318.4596295	21.931270219129587	20.02563633034243
1709648318.62582	21.931270219129587	20.02563633034243
1709648318.7949388	21.931270219129587	20.015564914850756
1709648318.9692473	21.931270219129587	20.02563633034243
1709648319.1443055	21.931270219129587	20.02563633034243
1709648319.317466	21.931270219129587	20.02563633034243
1709648319.4937556	21.931270219129587	20.04577916132576
1709648319.6709235	21.931270219129587	20.02563633034243
1709648319.86592	21.931270219129587	20.02563633034243
1709648320.0360746	21.931270219129587	20.02563633034243
1709648320.1813946	21.931270219129587	20.02563633034243
1709648320.3257165	21.931270219129587	20.02563633034243
1709648320.4869685	21.931270219129587	20.015564914850756
1709648320.647209	21.931270219129587	20.02563633034243
1709648320.8084898	21.931270219129587	20.015564914850756
1709648320.972712	21.931270219129587	20.02563633034243
1709648321.1200085	21.931270219129587	20.02563633034243
1709648321.2812488	21.931270219129587	20.015564914850756
1709648321.4315474	21.931270219129587	20.02563633034243
1709648321.5808263	21.931270219129587	20.02563633034243
1709648321.741071	21.931270219129587	20.02563633034243
1709648321.8854153	21.931270219129587	20.02563633034243
1709648322.0297325	21.931270219129587	20.02563633034243
1709648322.1929626	21.931270219129587	20.02563633034243
1709648322.3372674	21.931270219129587	20.02563633034243
1709648322.487555	21.931270219129587	20.015564914850756
1709648322.6379492	21.931270219129587	20.02563633034243
1709648322.8040833	21.931270219129587	20.02563633034243
1709648322.9772513	21.931270219129587	20.02563633034243
1709648323.1365192	21.931270219129587	20.02563633034243
1709648323.2828078	21.931270219129587	20.02563633034243
1709648323.4420185	21.931270219129587	20.02563633034243
1709648323.5853734	21.931270219129587	20.02563633034243
1709648323.7296994	21.931270219129587	20.02563633034243
1709648323.88996	21.931270219129587	20.02563633034243
1709648324.0333226	21.931270219129587	20.015564914850756
1709648324.1955087	21.931270219129587	20.015564914850756
1709648324.3388402	21.931270219129587	20.015564914850756
1709648324.4871762	21.931270219129587	20.015564914850756
1709648324.6314685	21.931270219129587	20.015564914850756
1709648324.7778537	21.931270219129587	20.015564914850756
1709648324.9230974	21.90685466642251	20.015564914850756
1709648325.0704155	21.931270219129587	20.015564914850756
1709648325.2317088	21.931270219129587	20.015564914850756
1709648325.3938825	21.931270219129587	20.015564914850756
1709648325.5392225	21.931270219129587	20.02563633034243
1709648325.6835284	21.931270219129587	20.02563633034243
1709648325.8368177	21.931270219129587	20.015564914850756
1709648325.9861197	21.931270219129587	20.015564914850756
1709648326.1742911	21.931270219129587	20.015564914850756
1709648326.3464296	21.931270219129587	20.02563633034243
1709648326.5036867	21.931270219129587	20.015564914850756
1709648326.6639438	21.931270219129587	20.015564914850756
1709648326.8281374	21.931270219129587	20.02563633034243
1709648326.9726486	21.931270219129587	20.015564914850756
1709648327.14684	21.931270219129587	20.015564914850756
1709648327.3188446	21.931270219129587	20.015564914850756
1709648327.4781034	21.931270219129587	20.015564914850756
1709648327.6393387	21.931270219129587	20.02563633034243
1709648327.7975786	21.931270219129587	20.02563633034243
1709648327.9707813	21.931270219129587	20.02563633034243
1709648328.138981	21.931270219129587	20.02563633034243
1709648328.3241138	21.931270219129587	20.02563633034243
1709648328.4694524	21.931270219129587	20.02563633034243
1709648328.634675	21.931270219129587	20.02563633034243
1709648328.7959228	21.931270219129587	20.02563633034243
1709648328.9452	21.931270219129587	20.02563633034243
1709648329.10643	21.931270219129587	20.02563633034243
1709648329.2786355	21.931270219129587	20.02563633034243
1709648329.441863	21.931270219129587	20.02563633034243
1709648329.630956	21.931270219129587	20.02563633034243
1709648329.795208	21.931270219129587	20.02563633034243
1709648329.9565215	21.931270219129587	20.02563633034243
1709648330.1037326	21.931270219129587	20.02563633034243
1709648330.2639802	21.931270219129587	20.02563633034243
1709648330.4282396	21.931270219129587	20.02563633034243
1709648330.5895298	21.931270219129587	20.02563633034243
1709648330.744738	21.931270219129587	20.02563633034243
1709648330.8890445	21.931270219129587	20.02563633034243
1709648331.0522833	21.931270219129587	20.02563633034243
1709648331.2177238	21.931270219129587	20.02563633034243
1709648331.386699	21.931270219129587	20.02563633034243
1709648331.5469482	21.931270219129587	20.04577916132576
1709648331.7072213	21.931270219129587	20.02563633034243
1709648331.8525474	21.931270219129587	20.02563633034243
1709648331.9978313	21.931270219129587	20.02563633034243
1709648332.1461563	21.931270219129587	20.02563633034243
1709648332.3064291	21.931270219129587	20.02563633034243
1709648332.4537244	21.931270219129587	20.02563633034243
1709648332.6139686	21.931270219129587	20.02563633034243
1709648332.7861435	21.931270219129587	20.015564914850756
1709648332.9583201	21.931270219129587	20.02563633034243
1709648333.105671	21.931270219129587	20.02563633034243
1709648333.2559905	21.931270219129587	20.02563633034243
1709648333.4052365	21.931270219129587	20.02563633034243
1709648333.5575144	21.931270219129587	20.015564914850756
1709648333.70389	21.90685466642251	20.02563633034243
1709648333.8800504	21.931270219129587	20.015564914850756
1709648334.0542002	21.931270219129587	20.015564914850756
1709648334.2253659	21.931270219129587	20.015564914850756
1709648334.381703	21.931270219129587	20.02563633034243
1709648334.5578651	21.931270219129587	20.02563633034243
1709648334.731032	21.931270219129587	20.015564914850756
1709648334.9041772	21.90685466642251	20.02563633034243
1709648335.07741	21.931270219129587	20.02563633034243
1709648335.245588	21.931270219129587	20.02563633034243
1709648335.3928869	21.931270219129587	20.02563633034243
1709648335.5381818	21.931270219129587	20.02563633034243
1709648335.6835606	21.931270219129587	20.02563633034243
1709648335.8368332	21.931270219129587	20.015564914850756
1709648336.0358894	21.931270219129587	20.015564914850756
1709648336.1901913	21.931270219129587	20.02563633034243
1709648336.342467	21.931270219129587	20.015564914850756
1709648336.511645	21.931270219129587	20.015564914850756
1709648336.6878595	21.931270219129587	20.015564914850756
1709648336.8609776	21.931270219129587	20.015564914850756
1709648337.0222578	21.931270219129587	20.02563633034243
1709648337.198385	21.931270219129587	20.015564914850756
1709648337.374629	21.931270219129587	20.02563633034243
1709648337.548741	21.931270219129587	20.02563633034243
1709648337.7229173	21.931270219129587	20.04577916132576
1709648337.8891394	21.931270219129587	20.02563633034243
1709648338.0503666	21.931270219129587	20.02563633034243
1709648338.2116208	21.931270219129587	20.04577916132576
1709648338.3569214	21.931270219129587	20.04577916132576
1709648338.502239	21.931270219129587	20.02563633034243
1709648338.662511	21.931270219129587	20.02563633034243
1709648338.8247366	21.931270219129587	20.02563633034243
1709648338.9920328	21.931270219129587	20.04577916132576
1709648339.1661775	21.931270219129587	20.04577916132576
1709648339.3373613	21.931270219129587	20.04577916132576
1709648339.538449	21.931270219129587	20.04577916132576
1709648339.710542	21.931270219129587	20.04577916132576
1709648339.8558857	21.931270219129587	20.02563633034243
1709648340.0011742	21.931270219129587	20.02563633034243
1709648340.1744876	21.931270219129587	20.04577916132576
1709648340.3475738	21.931270219129587	20.04577916132576
1709648340.5177531	21.931270219129587	20.04577916132576
1709648340.6662111	21.931270219129587	20.02563633034243
1709648340.8373427	21.931270219129587	20.02563633034243
1709648341.0084372	21.931270219129587	20.02563633034243
1709648341.1527953	21.931270219129587	20.02563633034243
1709648341.3140142	21.931270219129587	20.04577916132576
1709648341.4732609	21.931270219129587	20.02563633034243
1709648341.6347039	21.931270219129587	20.04577916132576
1709648341.8077154	21.931270219129587	20.02563633034243
1709648341.9789186	21.931270219129587	20.02563633034243
1709648342.140246	21.931270219129587	20.02563633034243
1709648342.3143742	21.931270219129587	20.02563633034243
1709648342.4895637	21.931270219129587	20.04577916132576
1709648342.6616871	21.931270219129587	20.04577916132576
1709648342.822923	21.931270219129587	20.04577916132576
1709648343.0160096	21.931270219129587	20.04577916132576
1709648343.1773362	21.931270219129587	20.04577916132576
1709648343.3276203	21.931270219129587	20.04577916132576
1709648343.484807	21.931270219129587	20.04577916132576
1709648343.64803	21.931270219129587	20.02563633034243
1709648343.8093016	21.931270219129587	20.02563633034243
1709648343.969543	21.931270219129587	20.04577916132576
1709648344.1308293	21.931270219129587	20.04577916132576
1709648344.2920089	21.931270219129587	20.04577916132576
1709648344.4522562	21.931270219129587	20.04577916132576
1709648344.6274395	21.931270219129587	20.04577916132576
1709648344.7886617	21.931270219129587	20.04577916132576
1709648344.9680133	21.931270219129587	20.04577916132576
1709648345.1421375	21.931270219129587	20.04577916132576
1709648345.3182151	21.90685466642251	20.04577916132576
1709648345.4844928	21.931270219129587	20.04577916132576
1709648345.6566246	21.931270219129587	20.04577916132576
1709648345.8308163	21.931270219129587	20.04577916132576
1709648346.008127	21.931270219129587	20.02563633034243
1709648346.1823065	21.90685466642251	20.04577916132576
1709648346.3742554	21.931270219129587	20.04577916132576
1709648346.547421	21.931270219129587	20.04577916132576
1709648346.7195754	21.931270219129587	20.02563633034243
1709648346.8938055	21.90685466642251	20.04577916132576
1709648347.057186	21.931270219129587	20.04577916132576
1709648347.2313712	21.90685466642251	20.04577916132576
1709648347.4044049	21.90685466642251	20.04577916132576
1709648347.5785928	21.90685466642251	20.04577916132576
1709648347.752802	21.90685466642251	20.04577916132576
1709648347.9221008	21.931270219129587	20.04577916132576
1709648348.0982885	21.931270219129587	20.04577916132576
1709648348.2733283	21.90685466642251	20.04577916132576
1709648348.438494	21.90685466642251	20.04577916132576
1709648348.5987597	21.90685466642251	20.04577916132576
1709648348.7629678	21.931270219129587	20.04577916132576
1709648348.927403	21.931270219129587	20.04577916132576
1709648349.1015885	21.90685466642251	20.04577916132576
1709648349.2755668	21.90685466642251	20.055850576817434
1709648349.452732	21.90685466642251	20.04577916132576
1709648349.6269174	21.90685466642251	20.04577916132576
1709648349.823026	21.90685466642251	20.04577916132576
1709648349.999291	21.90685466642251	20.055850576817434
1709648350.1764474	21.90685466642251	20.04577916132576
1709648350.3505147	21.90685466642251	20.04577916132576
1709648350.523714	21.90685466642251	20.04577916132576
1709648350.686914	21.90685466642251	20.04577916132576
1709648350.8461587	21.90685466642251	20.04577916132576
1709648351.0064125	21.90685466642251	20.04577916132576
1709648351.1666348	21.90685466642251	20.04577916132576
1709648351.3089669	21.90685466642251	20.04577916132576
1709648351.4682252	21.90685466642251	20.04577916132576
1709648351.6264706	21.90685466642251	20.04577916132576
1709648351.7857687	21.90685466642251	20.055850576817434
1709648351.9599373	21.90685466642251	20.04577916132576
1709648352.121184	21.90685466642251	20.04577916132576
1709648352.2873979	21.90685466642251	20.055850576817434
1709648352.460577	21.90685466642251	20.055850576817434
1709648352.623823	21.90685466642251	20.055850576817434
1709648352.7970073	21.90685466642251	20.04577916132576
1709648352.9612355	21.90685466642251	20.055850576817434
1709648353.1245854	21.90685466642251	20.055850576817434
1709648353.322534	21.90685466642251	20.055850576817434
1709648353.496785	21.90685466642251	20.055850576817434
1709648353.6709342	21.90685466642251	20.055850576817434
1709648353.8460796	21.90685466642251	20.055850576817434
1709648354.0202448	21.90685466642251	20.055850576817434
1709648354.194525	21.90685466642251	20.055850576817434
1709648354.3678296	21.90685466642251	20.04577916132576
1709648354.5268958	21.90685466642251	20.04577916132576
1709648354.687084	21.90685466642251	20.055850576817434
1709648354.8516264	21.90685466642251	20.055850576817434
1709648355.0236957	21.90685466642251	20.055850576817434
1709648355.1870096	21.90685466642251	20.04577916132576
1709648355.3599885	21.90685466642251	20.055850576817434
1709648355.5401175	21.90685466642251	20.055850576817434
1709648355.7122984	21.90685466642251	20.04577916132576
1709648355.8695672	21.90685466642251	20.055850576817434
1709648356.0297973	21.90685466642251	20.055850576817434
1709648356.1910477	21.90685466642251	20.04577916132576
1709648356.3513098	21.90685466642251	20.055850576817434
1709648356.5145547	21.90685466642251	20.055850576817434
1709648356.6897807	21.90685466642251	20.055850576817434
1709648356.8847995	21.90685466642251	20.055850576817434
1709648357.0679114	21.90685466642251	20.055850576817434
1709648357.2391875	21.90685466642251	20.055850576817434
1709648357.4133859	21.90685466642251	20.055850576817434
1709648357.5884626	21.90685466642251	20.055850576817434
1709648357.7507107	21.90685466642251	20.055850576817434
1709648357.9140015	21.90685466642251	20.055850576817434
1709648358.090161	21.90685466642251	20.055850576817434
1709648358.2643607	21.90685466642251	20.055850576817434
1709648358.4265404	21.90685466642251	20.055850576817434
1709648358.6028178	21.90685466642251	20.04577916132576
1709648358.77694	21.90685466642251	20.055850576817434
1709648358.9521043	21.90685466642251	20.055850576817434
1709648359.1223335	21.90685466642251	20.055850576817434
1709648359.29743	21.90685466642251	20.055850576817434
1709648359.4706297	21.90685466642251	20.055850576817434
1709648359.6469932	21.90685466642251	20.055850576817434
1709648359.8221686	21.90685466642251	20.055850576817434
1709648360.0014548	21.90685466642251	20.055850576817434
1709648360.175342	21.90685466642251	20.055850576817434
1709648360.3724947	21.90685466642251	20.055850576817434
1709648360.546597	21.90685466642251	20.055850576817434
1709648360.7187405	21.90685466642251	20.055850576817434
1709648360.882002	21.90685466642251	20.055850576817434
1709648361.0551715	21.90685466642251	20.04577916132576
1709648361.228405	21.90685466642251	20.04577916132576
1709648361.3856266	21.90685466642251	20.055850576817434
1709648361.559807	21.90685466642251	20.04577916132576
1709648361.718216	21.90685466642251	20.055850576817434
1709648361.8872967	21.90685466642251	20.04577916132576
1709648362.0594823	21.90685466642251	20.04577916132576
1709648362.234692	21.90685466642251	20.055850576817434
1709648362.3989055	21.90685466642251	20.04577916132576
1709648362.5760033	21.90685466642251	20.04577916132576
1709648362.749188	21.90685466642251	20.04577916132576
1709648362.8986146	21.90685466642251	20.055850576817434
1709648363.0697334	21.90685466642251	20.04577916132576
1709648363.2429614	21.90685466642251	20.055850576817434
1709648363.419094	21.90685466642251	20.055850576817434
1709648363.5783	21.90685466642251	20.055850576817434
1709648363.776382	21.90685466642251	20.04577916132576
1709648363.9485693	21.90685466642251	20.04577916132576
1709648364.112822	21.90685466642251	20.055850576817434
1709648364.2900383	21.90685466642251	20.055850576817434
1709648364.4641526	21.90685466642251	20.04577916132576
1709648364.6204178	21.90685466642251	20.055850576817434
1709648364.7667313	21.90685466642251	20.055850576817434
1709648364.9300256	21.90685466642251	20.04577916132576
1709648365.1101186	21.90685466642251	20.04577916132576
1709648365.2554004	21.90685466642251	20.055850576817434
1709648365.401744	21.90685466642251	20.055850576817434
1709648365.5639648	21.90685466642251	20.055850576817434
1709648365.722398	21.90685466642251	20.055850576817434
1709648365.89541	21.90685466642251	20.04577916132576
1709648366.0536609	21.90685466642251	20.04577916132576
1709648366.2278452	21.90685466642251	20.04577916132576
1709648366.4000454	21.90685466642251	20.055850576817434
1709648366.5771875	21.90685466642251	20.04577916132576
1709648366.742414	21.90685466642251	20.055850576817434
1709648366.904705	21.90685466642251	20.055850576817434
1709648367.0689662	21.90685466642251	20.055850576817434
1709648367.2530365	21.90685466642251	20.055850576817434
1709648367.4222035	21.90685466642251	20.04577916132576
1709648367.5885606	21.90685466642251	20.055850576817434
1709648367.761683	21.90685466642251	20.055850576817434
1709648367.9328475	21.90685466642251	20.055850576817434
1709648368.097159	21.90685466642251	20.055850576817434
1709648368.2533212	21.90685466642251	20.055850576817434
1709648368.4145746	21.90685466642251	20.04577916132576
1709648368.5748186	21.90685466642251	20.055850576817434
1709648368.7361555	21.90685466642251	20.04577916132576
1709648368.910233	21.90685466642251	20.055850576817434
1709648369.0804858	21.90685466642251	20.04577916132576
1709648369.2387426	21.90685466642251	20.04577916132576
1709648369.4019203	21.90685466642251	20.04577916132576
1709648369.5621576	21.90685466642251	20.04577916132576
1709648369.7244556	21.90685466642251	20.055850576817434
1709648369.894623	21.90685466642251	20.055850576817434
1709648370.0569232	21.90685466642251	20.055850576817434
1709648370.225054	21.90685466642251	20.055850576817434
1709648370.390339	21.90685466642251	20.055850576817434
1709648370.5535328	21.90685466642251	20.055850576817434
1709648370.7446165	21.90685466642251	20.055850576817434
1709648370.9197857	21.90685466642251	20.055850576817434
1709648371.0780191	21.90685466642251	20.055850576817434
1709648371.2512622	21.90685466642251	20.055850576817434
1709648371.4264448	21.90685466642251	20.055850576817434
1709648371.598589	21.90685466642251	20.055850576817434
1709648371.77289	21.90685466642251	20.055850576817434
1709648371.9310436	21.90685466642251	20.04577916132576
1709648372.1012166	21.90685466642251	20.04577916132576
1709648372.2744038	21.90685466642251	20.055850576817434
1709648372.447597	21.90685466642251	20.055850576817434
1709648372.612882	21.90685466642251	20.055850576817434
1709648372.7840126	21.90685466642251	20.055850576817434
1709648372.9472704	21.90685466642251	20.055850576817434
1709648373.1104684	21.90685466642251	20.055850576817434
1709648373.2846396	21.90685466642251	20.055850576817434
1709648373.4590356	21.90685466642251	20.04577916132576
1709648373.6319807	21.90685466642251	20.055850576817434
1709648373.7923863	21.90685466642251	20.055850576817434
1709648373.9495866	21.90685466642251	20.055850576817434
1709648374.141688	21.90685466642251	20.055850576817434
1709648374.3150063	21.90685466642251	20.055850576817434
1709648374.4903202	21.90685466642251	20.055850576817434
1709648374.6652274	21.90685466642251	20.055850576817434
1709648374.8446653	21.90685466642251	20.055850576817434
1709648375.0186675	21.90685466642251	20.055850576817434
1709648375.1828997	21.90685466642251	20.055850576817434
1709648375.3469868	21.90685466642251	20.055850576817434
1709648375.5201788	21.90685466642251	20.055850576817434
1709648375.6924791	21.90685466642251	20.055850576817434
1709648375.8666909	21.90685466642251	20.0659219923091
1709648376.0399103	21.90685466642251	20.055850576817434
1709648376.1990995	21.90685466642251	20.055850576817434
1709648376.3743033	21.90685466642251	20.055850576817434
1709648376.5473154	21.90685466642251	20.055850576817434
1709648376.7228594	21.90685466642251	20.055850576817434
1709648376.8976572	21.90685466642251	20.055850576817434
1709648377.0720203	21.882439113715435	20.055850576817434
1709648377.24734	21.882439113715435	20.055850576817434
1709648377.4052718	21.90685466642251	20.055850576817434
1709648377.598694	21.90685466642251	20.055850576817434
1709648377.7737799	21.90685466642251	20.055850576817434
1709648377.9377596	21.90685466642251	20.055850576817434
1709648378.0999951	21.90685466642251	20.055850576817434
1709648378.2741916	21.90685466642251	20.055850576817434
1709648378.4493587	21.90685466642251	20.055850576817434
1709648378.624642	21.90685466642251	20.055850576817434
1709648378.799783	21.90685466642251	20.055850576817434
1709648378.975095	21.90685466642251	20.055850576817434
1709648379.150266	21.90685466642251	20.055850576817434
1709648379.3244145	21.90685466642251	20.055850576817434
1709648379.4976022	21.90685466642251	20.055850576817434
1709648379.6729717	21.90685466642251	20.055850576817434
1709648379.8468494	21.90685466642251	20.055850576817434
1709648380.019034	21.90685466642251	20.055850576817434
1709648380.1812148	21.90685466642251	20.055850576817434
1709648380.3484316	21.90685466642251	20.055850576817434
1709648380.5128617	21.90685466642251	20.055850576817434
1709648380.6748815	21.90685466642251	20.055850576817434
1709648380.830167	21.90685466642251	20.055850576817434
1709648381.0043318	21.90685466642251	20.04577916132576
1709648381.181556	21.90685466642251	20.055850576817434
1709648381.3517146	21.90685466642251	20.04577916132576
1709648381.5249603	21.90685466642251	20.055850576817434
1709648381.6950932	21.90685466642251	20.055850576817434
1709648381.8723688	21.90685466642251	20.055850576817434
1709648382.0494926	21.90685466642251	20.055850576817434
1709648382.2246945	21.90685466642251	20.055850576817434
1709648382.3968565	21.90685466642251	20.055850576817434
1709648382.5680711	21.90685466642251	20.0659219923091
1709648382.7462087	21.90685466642251	20.0659219923091
1709648382.92141	21.90685466642251	20.055850576817434
1709648383.0955317	21.90685466642251	20.055850576817434
1709648383.2728157	21.90685466642251	20.055850576817434
1709648383.447861	21.90685466642251	20.055850576817434
1709648383.6210709	21.90685466642251	20.055850576817434
1709648383.7852824	21.90685466642251	20.055850576817434
1709648383.9545562	21.90685466642251	20.0659219923091
1709648384.1247034	21.90685466642251	20.055850576817434
1709648384.297867	21.90685466642251	20.055850576817434
1709648384.4630811	21.90685466642251	20.055850576817434
1709648384.6472025	21.90685466642251	20.055850576817434
1709648384.856218	21.90685466642251	20.055850576817434
1709648385.0164895	21.90685466642251	20.055850576817434
1709648385.1787245	21.90685466642251	20.055850576817434
1709648385.3419962	21.90685466642251	20.055850576817434
1709648385.5032377	21.90685466642251	20.055850576817434
1709648385.6664314	21.90685466642251	20.0659219923091
1709648385.8406558	21.882439113715435	20.055850576817434
1709648386.010812	21.90685466642251	20.055850576817434
1709648386.1854463	21.90685466642251	20.055850576817434
1709648386.3612058	21.90685466642251	20.0659219923091
1709648386.5194361	21.90685466642251	20.0659219923091
1709648386.6927447	21.90685466642251	20.0659219923091
1709648386.862819	21.90685466642251	20.055850576817434
1709648387.0380173	21.90685466642251	20.0659219923091
1709648387.215248	21.90685466642251	20.055850576817434
1709648387.3923664	21.90685466642251	20.0659219923091
1709648387.5634952	21.90685466642251	20.0659219923091
1709648387.7408354	21.90685466642251	20.055850576817434
1709648387.915948	21.882439113715435	20.0659219923091
1709648388.0890226	21.90685466642251	20.055850576817434
1709648388.285102	21.90685466642251	20.0659219923091
1709648388.4483514	21.90685466642251	20.0659219923091
1709648388.6105638	21.90685466642251	20.0659219923091
1709648388.771828	21.90685466642251	20.0659219923091
1709648388.9440346	21.90685466642251	20.0659219923091
1709648389.1161938	21.90685466642251	20.0659219923091
1709648389.2893662	21.90685466642251	20.0659219923091
1709648389.4635956	21.90685466642251	20.055850576817434
1709648389.637736	21.90685466642251	20.0659219923091
1709648389.8023088	21.90685466642251	20.055850576817434
1709648389.9751363	21.90685466642251	20.055850576817434
1709648390.1334667	21.91906244277605	20.0659219923091
1709648390.3055935	21.882439113715435	20.0659219923091
1709648390.472029	21.90685466642251	20.055850576817434
1709648390.6440673	21.882439113715435	20.055850576817434
1709648390.8002973	21.91906244277605	20.0659219923091
1709648390.9615657	21.90685466642251	20.055850576817434
1709648391.1287632	21.90685466642251	20.055850576817434
1709648391.3050375	21.90685466642251	20.0659219923091
1709648391.485115	21.90685466642251	20.0659219923091
1709648391.6940794	21.90685466642251	20.055850576817434
1709648391.8414009	21.90685466642251	20.055850576817434
1709648392.0085893	21.90685466642251	20.055850576817434
1709648392.1818469	21.90685466642251	20.055850576817434
1709648392.3550103	21.90685466642251	20.055850576817434
1709648392.5262256	21.90685466642251	20.0659219923091
1709648392.7044172	21.90685466642251	20.055850576817434
1709648392.876531	21.90685466642251	20.0659219923091
1709648393.0228508	21.90685466642251	20.0659219923091
1709648393.1851318	21.90685466642251	20.055850576817434
1709648393.3552663	21.90685466642251	20.055850576817434
1709648393.5274866	21.90685466642251	20.0659219923091
1709648393.6937478	21.90685466642251	20.0659219923091
1709648393.8678944	21.90685466642251	20.0659219923091
1709648394.031081	21.91906244277605	20.055850576817434
1709648394.2073047	21.90685466642251	20.0659219923091
1709648394.3814354	21.90685466642251	20.0659219923091
1709648394.5556116	21.90685466642251	20.0659219923091
1709648394.7288127	21.90685466642251	20.0659219923091
1709648394.8930166	21.882439113715435	20.0659219923091
1709648395.0662165	21.90685466642251	20.055850576817434
1709648395.2642694	21.90685466642251	20.055850576817434
1709648395.4374845	21.882439113715435	20.0659219923091
1709648395.6156034	21.90685466642251	20.0659219923091
1709648395.7878058	21.90685466642251	20.0659219923091
1709648395.951037	21.90685466642251	20.0659219923091
1709648396.1093283	21.894646890068973	20.0659219923091
1709648396.2825365	21.90685466642251	20.055850576817434
1709648396.4587379	21.90685466642251	20.0659219923091
1709648396.6417837	21.90685466642251	20.0659219923091
1709648396.8149672	21.90685466642251	20.0659219923091
1709648396.9772089	21.90685466642251	20.055850576817434
1709648397.1504073	21.90685466642251	20.0659219923091
1709648397.323662	21.90685466642251	20.055850576817434
1709648397.4988759	21.90685466642251	20.0659219923091
1709648397.6759934	21.90685466642251	20.055850576817434
1709648397.8493292	21.90685466642251	20.0659219923091
1709648398.0232947	21.90685466642251	20.0659219923091
1709648398.1825523	21.90685466642251	20.0659219923091
1709648398.3568146	21.90685466642251	20.0659219923091
1709648398.5292404	21.90685466642251	20.0659219923091
1709648398.686179	21.90685466642251	20.0659219923091
1709648398.8644102	21.90685466642251	20.0659219923091
1709648399.0275977	21.90685466642251	20.055850576817434
1709648399.17297	21.90685466642251	20.04577916132576
1709648399.331147	21.90685466642251	20.055850576817434
1709648399.507357	21.90685466642251	20.04577916132576
1709648399.6725826	21.90685466642251	20.055850576817434
1709648399.822897	21.90685466642251	20.055850576817434
1709648399.9864054	21.90685466642251	20.055850576817434
1709648400.1612601	21.90685466642251	20.055850576817434
1709648400.3334901	21.90685466642251	20.0659219923091
1709648400.499782	21.90685466642251	20.055850576817434
1709648400.65923	21.91906244277605	20.0659219923091
1709648400.8321326	21.90685466642251	20.055850576817434
1709648400.9833617	21.90685466642251	20.0659219923091
1709648401.128689	21.882439113715435	20.0659219923091
1709648401.3008819	21.882439113715435	20.055850576817434
1709648401.475039	21.90685466642251	20.055850576817434
1709648401.643282	21.882439113715435	20.055850576817434
1709648401.8293893	21.882439113715435	20.0659219923091
1709648402.003642	21.90685466642251	20.055850576817434
1709648402.210713	21.90685466642251	20.0659219923091
1709648402.3878589	21.90685466642251	20.055850576817434
1709648402.5649521	21.90685466642251	20.055850576817434
1709648402.7391708	21.90685466642251	20.055850576817434
1709648402.9123044	21.90685466642251	20.055850576817434
1709648403.0844426	21.90685466642251	20.0659219923091
1709648403.2447655	21.90685466642251	20.055850576817434
1709648403.4169562	21.90685466642251	20.0659219923091
1709648403.5881143	21.90685466642251	20.0659219923091
1709648403.760411	21.90685466642251	20.0659219923091
1709648403.930597	21.90685466642251	20.0659219923091
1709648404.1046762	21.90685466642251	20.0659219923091
1709648404.2759433	21.90685466642251	20.0659219923091
1709648404.4500737	21.90685466642251	20.0659219923091
1709648404.6232424	21.90685466642251	20.0659219923091
1709648404.800816	21.90685466642251	20.0659219923091
1709648404.9748163	21.91906244277605	20.08606482329244
1709648405.1408272	21.90685466642251	20.0659219923091
1709648405.302325	21.882439113715435	20.0659219923091
1709648405.476418	21.90685466642251	20.0659219923091
1709648405.6714993	21.90685466642251	20.0659219923091
1709648405.8446984	21.90685466642251	20.0659219923091
1709648406.0177114	21.90685466642251	20.0659219923091
1709648406.1821835	21.90685466642251	20.0659219923091
1709648406.356268	21.90685466642251	20.0659219923091
1709648406.5292828	21.90685466642251	20.0659219923091
1709648406.703648	21.90685466642251	20.0659219923091
1709648406.8779783	21.90685466642251	20.0659219923091
1709648407.053174	21.90685466642251	20.0659219923091
1709648407.2269711	21.90685466642251	20.0659219923091
1709648407.3882892	21.90685466642251	20.0659219923091
1709648407.5587804	21.90685466642251	20.0659219923091
1709648407.7369957	21.90685466642251	20.0659219923091
1709648407.9137766	21.90685466642251	20.0659219923091
1709648408.0870285	21.91906244277605	20.08606482329244
1709648408.2633336	21.90685466642251	20.0659219923091
1709648408.436456	21.90685466642251	20.0659219923091
1709648408.5997343	21.91906244277605	20.08606482329244
1709648408.7728264	21.91906244277605	20.08606482329244
1709648408.9460418	21.894646890068973	20.08606482329244
1709648409.1091588	21.90685466642251	20.0659219923091
1709648409.2982712	21.90685466642251	20.0659219923091
1709648409.472536	21.90685466642251	20.0659219923091
1709648409.6477394	21.894646890068973	20.08606482329244
1709648409.820918	21.91906244277605	20.08606482329244
1709648409.9940324	21.90685466642251	20.0659219923091
1709648410.1652238	21.91906244277605	20.08606482329244
1709648410.3375869	21.90685466642251	20.0659219923091
1709648410.513606	21.90685466642251	20.0659219923091
1709648410.6848605	21.90685466642251	20.0659219923091
1709648410.8599076	21.91906244277605	20.08606482329244
1709648411.033262	21.894646890068973	20.08606482329244
1709648411.2083018	21.894646890068973	20.08606482329244
1709648411.3834505	21.91906244277605	20.08606482329244
1709648411.5468936	21.91906244277605	20.08606482329244
1709648411.7199192	21.91906244277605	20.08606482329244
1709648411.894073	21.90685466642251	20.0659219923091
1709648412.067238	21.91906244277605	20.08606482329244
1709648412.2404397	21.91906244277605	20.08606482329244
1709648412.4156072	21.91906244277605	20.08606482329244
1709648412.5888376	21.894646890068973	20.08606482329244
1709648412.7669842	21.882439113715435	20.0659219923091
1709648412.9570694	21.90685466642251	20.0659219923091
1709648413.133237	21.91906244277605	20.08606482329244
1709648413.3074906	21.894646890068973	20.08606482329244
1709648413.4825714	21.91906244277605	20.08606482329244
1709648413.6557603	21.894646890068973	20.08606482329244
1709648413.8200016	21.91906244277605	20.08606482329244
1709648413.9954014	21.91906244277605	20.08606482329244
1709648414.1644475	21.894646890068973	20.08606482329244
1709648414.338587	21.90685466642251	20.0659219923091
1709648414.5007784	21.91906244277605	20.08606482329244
1709648414.6630566	21.91906244277605	20.08606482329244
1709648414.835399	21.894646890068973	20.08606482329244
1709648414.983541	21.882439113715435	20.0659219923091
1709648415.1597056	21.91906244277605	20.08606482329244
1709648415.3348637	21.91906244277605	20.08606482329244
1709648415.494284	21.882439113715435	20.08606482329244
1709648415.6574268	21.882439113715435	20.0659219923091
1709648415.831527	21.882439113715435	20.0659219923091
1709648416.0066948	21.91906244277605	20.08606482329244
1709648416.1799657	21.90685466642251	20.0659219923091
1709648416.3810046	21.894646890068973	20.08606482329244
1709648416.5571945	21.90685466642251	20.0659219923091
1709648416.729347	21.91906244277605	20.08606482329244
1709648416.9016707	21.91906244277605	20.08606482329244
1709648417.0587494	21.91906244277605	20.0659219923091
1709648417.2319345	21.882439113715435	20.0659219923091
1709648417.395165	21.882439113715435	20.0659219923091
1709648417.5693648	21.91906244277605	20.08606482329244
1709648417.745604	21.91906244277605	20.08606482329244
1709648417.918903	21.91906244277605	20.08606482329244
1709648418.0820184	21.894646890068973	20.08606482329244
1709648418.25438	21.91906244277605	20.08606482329244
1709648418.4306114	21.91906244277605	20.08606482329244
1709648418.6066608	21.91906244277605	20.08606482329244
1709648418.7829657	21.894646890068973	20.08606482329244
1709648418.959157	21.90685466642251	20.0659219923091
1709648419.1351717	21.91906244277605	20.08606482329244
1709648419.3103657	21.90685466642251	20.0659219923091
1709648419.4855	21.894646890068973	20.08606482329244
1709648419.6516802	21.90685466642251	20.0659219923091
1709648419.856781	21.882439113715435	20.0659219923091
1709648420.0299675	21.882439113715435	20.0659219923091
1709648420.200989	21.882439113715435	20.0659219923091
1709648420.3793118	21.894646890068973	20.08606482329244
1709648420.553511	21.894646890068973	20.08606482329244
1709648420.7267094	21.894646890068973	20.08606482329244
1709648420.9009159	21.894646890068973	20.08606482329244
1709648421.0750482	21.91906244277605	20.08606482329244
1709648421.2482376	21.91906244277605	20.08606482329244
1709648421.4224355	21.90685466642251	20.0659219923091
1709648421.5964081	21.894646890068973	20.08606482329244
1709648421.7596529	21.91906244277605	20.08606482329244
1709648421.9329772	21.91906244277605	20.08606482329244
1709648422.109112	21.91906244277605	20.08606482329244
1709648422.281379	21.894646890068973	20.08606482329244
1709648422.454453	21.894646890068973	20.08606482329244
1709648422.628603	21.894646890068973	20.08606482329244
1709648422.8017535	21.894646890068973	20.08606482329244
1709648422.9640396	21.91906244277605	20.08606482329244
1709648423.1374931	21.91906244277605	20.08606482329244
1709648423.3124132	21.894646890068973	20.08606482329244
1709648423.5075307	21.91906244277605	20.08606482329244
1709648423.6798582	21.91906244277605	20.08606482329244
1709648423.853135	21.91906244277605	20.08606482329244
1709648424.017336	21.882439113715435	20.096136238784105
1709648424.1932123	21.894646890068973	20.08606482329244
1709648424.3644094	21.894646890068973	20.08606482329244
1709648424.538666	21.91906244277605	20.08606482329244
1709648424.7127557	21.894646890068973	20.08606482329244
1709648424.8862813	21.894646890068973	20.08606482329244
1709648425.0601113	21.882439113715435	20.096136238784105
1709648425.2333012	21.882439113715435	20.096136238784105
1709648425.4065166	21.90685466642251	20.096136238784105
1709648425.5826588	21.91906244277605	20.08606482329244
1709648425.745893	21.90685466642251	20.096136238784105
1709648425.9222436	21.91906244277605	20.08606482329244
1709648426.0965216	21.91906244277605	20.08606482329244
1709648426.2636423	21.894646890068973	20.08606482329244
1709648426.437757	21.894646890068973	20.08606482329244
1709648426.6119926	21.91906244277605	20.08606482329244
1709648426.7771168	21.882439113715435	20.096136238784105
1709648426.9524257	21.90685466642251	20.096136238784105
1709648427.1474884	21.91906244277605	20.08606482329244
1709648427.3224626	21.894646890068973	20.08606482329244
1709648427.496861	21.894646890068973	20.08606482329244
1709648427.6698785	21.894646890068973	20.08606482329244
1709648427.829146	21.882439113715435	20.096136238784105
1709648427.99964	21.894646890068973	20.08606482329244
1709648428.159529	21.90685466642251	20.08606482329244
1709648428.333048	21.894646890068973	20.08606482329244
1709648428.507098	21.91906244277605	20.08606482329244
1709648428.6811867	21.894646890068973	20.08606482329244
1709648428.8544497	21.894646890068973	20.08606482329244
1709648429.0296607	21.894646890068973	20.08606482329244
1709648429.2036598	21.894646890068973	20.08606482329244
1709648429.3609076	21.882439113715435	20.096136238784105
1709648429.5252333	21.894646890068973	20.08606482329244
1709648429.69829	21.894646890068973	20.08606482329244
1709648429.873855	21.894646890068973	20.08606482329244
1709648430.0499861	21.894646890068973	20.08606482329244
1709648430.22505	21.882439113715435	20.096136238784105
1709648430.3881774	21.894646890068973	20.08606482329244
1709648430.5811555	21.894646890068973	20.08606482329244
1709648430.7533393	21.894646890068973	20.08606482329244
1709648430.9166236	21.894646890068973	20.08606482329244
1709648431.0927613	21.91906244277605	20.08606482329244
1709648431.2671504	21.894646890068973	20.08606482329244
1709648431.4426641	21.882439113715435	20.096136238784105
1709648431.6185958	21.894646890068973	20.08606482329244
1709648431.7956808	21.894646890068973	20.08606482329244
1709648431.969669	21.894646890068973	20.08606482329244
1709648432.1488736	21.894646890068973	20.08606482329244
1709648432.3239481	21.894646890068973	20.08606482329244
1709648432.501216	21.894646890068973	20.08606482329244
1709648432.675402	21.894646890068973	20.08606482329244
1709648432.8484943	21.894646890068973	20.08606482329244
1709648433.0168405	21.894646890068973	20.08606482329244
1709648433.1928773	21.894646890068973	20.08606482329244
1709648433.3651252	21.90685466642251	20.096136238784105
1709648433.5392485	21.894646890068973	20.08606482329244
1709648433.717531	21.894646890068973	20.08606482329244
1709648433.889678	21.894646890068973	20.08606482329244
1709648434.0937035	21.882439113715435	20.096136238784105
1709648434.2699835	21.882439113715435	20.096136238784105
1709648434.44423	21.894646890068973	20.08606482329244
1709648434.6195843	21.894646890068973	20.08606482329244
1709648434.7976694	21.894646890068973	20.08606482329244
1709648434.970539	21.91906244277605	20.08606482329244
1709648435.1457415	21.894646890068973	20.08606482329244
1709648435.3208761	21.894646890068973	20.08606482329244
1709648435.496092	21.882439113715435	20.096136238784105
1709648435.6714811	21.894646890068973	20.08606482329244
1709648435.8473737	21.894646890068973	20.08606482329244
1709648436.011827	21.882439113715435	20.096136238784105
1709648436.186969	21.894646890068973	20.08606482329244
1709648436.358982	21.894646890068973	20.08606482329244
1709648436.5331542	21.882439113715435	20.096136238784105
1709648436.6954484	21.894646890068973	20.08606482329244
1709648436.8686292	21.894646890068973	20.08606482329244
1709648437.0418074	21.882439113715435	20.096136238784105
1709648437.2140129	21.882439113715435	20.096136238784105
1709648437.3881297	21.894646890068973	20.08606482329244
1709648437.5644803	21.882439113715435	20.096136238784105
1709648437.75541	21.882439113715435	20.096136238784105
1709648437.9297855	21.90685466642251	20.096136238784105
1709648438.102804	21.882439113715435	20.096136238784105
1709648438.2769978	21.882439113715435	20.096136238784105
1709648438.4492602	21.882439113715435	20.096136238784105
1709648438.6064177	21.882439113715435	20.08606482329244
1709648438.7775965	21.882439113715435	20.096136238784105
1709648438.9528236	21.882439113715435	20.096136238784105
1709648439.1260707	21.894646890068973	20.08606482329244
1709648439.301257	21.882439113715435	20.096136238784105
1709648439.4744592	21.894646890068973	20.08606482329244
1709648439.6426368	21.882439113715435	20.096136238784105
1709648439.8157647	21.882439113715435	20.096136238784105
1709648439.9899628	21.882439113715435	20.096136238784105
1709648440.1661649	21.882439113715435	20.096136238784105
1709648440.3413098	21.882439113715435	20.096136238784105
1709648440.5185285	21.882439113715435	20.096136238784105
1709648440.6936402	21.882439113715435	20.096136238784105
1709648440.8558376	21.882439113715435	20.096136238784105
1709648441.01412	21.882439113715435	20.096136238784105
1709648441.188288	21.894646890068973	20.08606482329244
1709648441.3815453	21.894646890068973	20.08606482329244
1709648441.5555744	21.894646890068973	20.08606482329244
1709648441.7289095	21.882439113715435	20.096136238784105
1709648441.8989847	21.882439113715435	20.096136238784105
1709648442.0701041	21.894646890068973	20.08606482329244
1709648442.2464583	21.894646890068973	20.08606482329244
1709648442.419643	21.882439113715435	20.096136238784105
1709648442.5937488	21.882439113715435	20.096136238784105
1709648442.7689297	21.882439113715435	20.096136238784105
1709648442.9420576	21.882439113715435	20.096136238784105
1709648443.112282	21.882439113715435	20.116279069767444
1709648443.2804651	21.882439113715435	20.096136238784105
1709648443.4526365	21.882439113715435	20.096136238784105
1709648443.6259723	21.882439113715435	20.096136238784105
1709648443.7999616	21.90685466642251	20.096136238784105
1709648443.9721658	21.882439113715435	20.096136238784105
1709648444.1353977	21.882439113715435	20.096136238784105
1709648444.3126485	21.882439113715435	20.096136238784105
1709648444.4709148	21.882439113715435	20.08606482329244
1709648444.6450064	21.882439113715435	20.096136238784105
1709648444.839096	21.894646890068973	20.08606482329244
1709648445.0102825	21.894646890068973	20.08606482329244
1709648445.1746933	21.882439113715435	20.096136238784105
1709648445.3478873	21.882439113715435	20.096136238784105
1709648445.5220633	21.882439113715435	20.096136238784105
1709648445.6962376	21.894646890068973	20.08606482329244
1709648445.8692281	21.894646890068973	20.08606482329244
1709648446.0424144	21.882439113715435	20.096136238784105
1709648446.205877	21.882439113715435	20.096136238784105
1709648446.3810155	21.882439113715435	20.096136238784105
1709648446.5563517	21.882439113715435	20.096136238784105
1709648446.7323477	21.882439113715435	20.096136238784105
1709648446.9064236	21.882439113715435	20.096136238784105
1709648447.0796182	21.882439113715435	20.096136238784105
1709648447.251077	21.882439113715435	20.096136238784105
1709648447.428242	21.882439113715435	20.096136238784105
1709648447.6010952	21.882439113715435	20.096136238784105
1709648447.7744527	21.882439113715435	20.096136238784105
1709648447.9496815	21.882439113715435	20.096136238784105
1709648448.1227016	21.882439113715435	20.096136238784105
1709648448.313693	21.882439113715435	20.096136238784105
1709648448.4860902	21.882439113715435	20.096136238784105
1709648448.6591396	21.882439113715435	20.096136238784105
1709648448.8334122	21.882439113715435	20.096136238784105
1709648449.005483	21.882439113715435	20.096136238784105
1709648449.168848	21.882439113715435	20.096136238784105
1709648449.3429801	21.882439113715435	20.096136238784105
1709648449.5171816	21.894646890068973	20.08606482329244
1709648449.6912603	21.882439113715435	20.096136238784105
1709648449.8675447	21.882439113715435	20.096136238784105
1709648450.0416288	21.882439113715435	20.096136238784105
1709648450.214901	21.882439113715435	20.096136238784105
1709648450.3781378	21.882439113715435	20.096136238784105
1709648450.5512064	21.882439113715435	20.096136238784105
1709648450.7244542	21.882439113715435	20.096136238784105
1709648450.8975794	21.882439113715435	20.096136238784105
1709648451.0729947	21.882439113715435	20.096136238784105
1709648451.24693	21.882439113715435	20.096136238784105
1709648451.4191325	21.882439113715435	20.116279069767444
1709648451.592494	21.882439113715435	20.096136238784105
1709648451.758535	21.882439113715435	20.096136238784105
1709648451.9506319	21.882439113715435	20.096136238784105
1709648452.1238334	21.882439113715435	20.096136238784105
1709648452.2870512	21.882439113715435	20.096136238784105
1709648452.461552	21.882439113715435	20.096136238784105
1709648452.6365478	21.882439113715435	20.096136238784105
1709648452.8078105	21.882439113715435	20.096136238784105
1709648452.9807854	21.882439113715435	20.096136238784105
1709648453.1549602	21.882439113715435	20.096136238784105
1709648453.3312736	21.882439113715435	20.096136238784105
1709648453.506572	21.882439113715435	20.096136238784105
1709648453.6807194	21.882439113715435	20.096136238784105
1709648453.8548646	21.882439113715435	20.116279069767444
1709648454.0109522	21.882439113715435	20.096136238784105
1709648454.1801324	21.882439113715435	20.096136238784105
1709648454.3533676	21.882439113715435	20.096136238784105
1709648454.510639	21.882439113715435	20.096136238784105
1709648454.6750536	21.882439113715435	20.096136238784105
1709648454.8499906	21.882439113715435	20.096136238784105
1709648455.022183	21.882439113715435	20.096136238784105
1709648455.1844127	21.882439113715435	20.096136238784105
1709648455.3548222	21.882439113715435	20.096136238784105
1709648455.5458555	21.882439113715435	20.096136238784105
1709648455.7071419	21.882439113715435	20.096136238784105
1709648455.87923	21.882439113715435	20.116279069767444
1709648456.051338	21.882439113715435	20.096136238784105
1709648456.2216485	21.882439113715435	20.096136238784105
1709648456.3949308	21.882439113715435	20.116279069767444
1709648456.5649612	21.882439113715435	20.116279069767444
1709648456.7402794	21.882439113715435	20.116279069767444
1709648456.8965507	21.882439113715435	20.096136238784105
1709648457.0695672	21.882439113715435	20.096136238784105
1709648457.2368336	21.882439113715435	20.096136238784105
1709648457.3960328	21.882439113715435	20.116279069767444
1709648457.5642436	21.882439113715435	20.096136238784105
1709648457.724497	21.882439113715435	20.116279069767444
1709648457.8857293	21.882439113715435	20.116279069767444
1709648458.0310216	21.882439113715435	20.116279069767444
1709648458.1952572	21.882439113715435	20.096136238784105
1709648458.3576808	21.882439113715435	20.096136238784105
1709648458.5247257	21.882439113715435	20.096136238784105
1709648458.7038789	21.882439113715435	20.096136238784105
1709648458.8919842	21.882439113715435	20.096136238784105
1709648459.0651884	21.882439113715435	20.096136238784105
1709648459.2403727	21.882439113715435	20.096136238784105
1709648459.4155147	21.882439113715435	20.116279069767444
1709648459.5927055	21.882439113715435	20.096136238784105
1709648459.7581084	21.882439113715435	20.096136238784105
1709648459.92112	21.882439113715435	20.096136238784105
1709648460.0634658	21.882439113715435	20.096136238784105
1709648460.2276955	21.882439113715435	20.096136238784105
1709648460.3920412	21.882439113715435	20.116279069767444
1709648460.556249	21.882439113715435	20.096136238784105
1709648460.7194476	21.882439113715435	20.116279069767444
1709648460.8937068	21.882439113715435	20.096136238784105
1709648461.0697637	21.882439113715435	20.096136238784105
1709648461.2429054	21.882439113715435	20.116279069767444
1709648461.4021847	21.882439113715435	20.116279069767444
1709648461.5756955	21.882439113715435	20.116279069767444
1709648461.7536945	21.882439113715435	20.096136238784105
1709648461.9248996	21.882439113715435	20.096136238784105
1709648462.0969644	21.882439113715435	20.116279069767444
1709648462.2951555	21.882439113715435	20.116279069767444
1709648462.4692047	21.882439113715435	20.096136238784105
1709648462.634386	21.882439113715435	20.096136238784105
1709648462.8085673	21.882439113715435	20.116279069767444
1709648462.9738934	21.882439113715435	20.116279069767444
1709648463.1479628	21.882439113715435	20.116279069767444
1709648463.3192189	21.882439113715435	20.096136238784105
1709648463.493407	21.882439113715435	20.116279069767444
1709648463.669606	21.882439113715435	20.116279069767444
1709648463.8468177	21.882439113715435	20.096136238784105
1709648464.0219233	21.882439113715435	20.116279069767444
1709648464.1972315	21.882439113715435	20.116279069767444
1709648464.3733602	21.882439113715435	20.116279069767444
1709648464.5474672	21.882439113715435	20.116279069767444
1709648464.7227	21.882439113715435	20.096136238784105
1709648464.8789878	21.882439113715435	20.116279069767444
1709648465.0541677	21.882439113715435	20.096136238784105
1709648465.2271926	21.882439113715435	20.096136238784105
1709648465.400423	21.882439113715435	20.096136238784105
1709648465.5736604	21.882439113715435	20.116279069767444
1709648465.7399094	21.882439113715435	20.096136238784105
1709648465.9370213	21.882439113715435	20.116279069767444
1709648466.109137	21.882439113715435	20.116279069767444
1709648466.2683032	21.882439113715435	20.116279069767444
1709648466.435719	21.882439113715435	20.116279069767444
1709648466.6070983	21.882439113715435	20.116279069767444
1709648466.7820327	21.882439113715435	20.096136238784105
1709648466.9540894	21.882439113715435	20.116279069767444
1709648467.131232	21.882439113715435	20.116279069767444
1709648467.304477	21.882439113715435	20.096136238784105
1709648467.477751	21.882439113715435	20.116279069767444
1709648467.6508017	21.882439113715435	20.116279069767444
1709648467.816044	21.882439113715435	20.116279069767444
1709648467.981591	21.882439113715435	20.116279069767444
1709648468.155405	21.882439113715435	20.116279069767444
1709648468.3315663	21.882439113715435	20.116279069767444
1709648468.4968174	21.882439113715435	20.116279069767444
1709648468.6570969	21.882439113715435	20.116279069767444
1709648468.8332872	21.882439113715435	20.116279069767444
1709648469.0074117	21.882439113715435	20.116279069767444
1709648469.1815944	21.882439113715435	20.096136238784105
1709648469.345844	21.882439113715435	20.096136238784105
1709648469.5588534	21.882439113715435	20.116279069767444
1709648469.7201169	21.882439113715435	20.116279069767444
1709648469.8833554	21.882439113715435	20.116279069767444
1709648470.0604703	21.882439113715435	20.116279069767444
1709648470.2058117	21.882439113715435	20.116279069767444
1709648470.3670318	21.882439113715435	20.116279069767444
1709648470.5282543	21.882439113715435	20.116279069767444
1709648470.6934853	21.882439113715435	20.116279069767444
1709648470.8547227	21.882439113715435	20.116279069767444
1709648471.020054	21.882439113715435	20.116279069767444
1709648471.195132	21.882439113715435	20.116279069767444
1709648471.3573596	21.882439113715435	20.116279069767444
1709648471.533631	21.882439113715435	20.116279069767444
1709648471.7078297	21.882439113715435	20.12635048525911
1709648471.8779495	21.882439113715435	20.116279069767444
1709648472.051155	21.882439113715435	20.116279069767444
1709648472.2262673	21.882439113715435	20.116279069767444
1709648472.389563	21.882439113715435	20.116279069767444
1709648472.565718	21.882439113715435	20.096136238784105
1709648472.7388673	21.882439113715435	20.116279069767444
1709648472.9329393	21.882439113715435	20.12635048525911
1709648473.1091838	21.882439113715435	20.116279069767444
1709648473.266427	21.882439113715435	20.116279069767444
1709648473.4306173	21.882439113715435	20.116279069767444
1709648473.6048956	21.882439113715435	20.116279069767444
1709648473.7779603	21.882439113715435	20.116279069767444
1709648473.9521406	21.882439113715435	20.116279069767444
1709648474.1263514	21.882439113715435	20.116279069767444
1709648474.289564	21.882439113715435	20.116279069767444
1709648474.4518697	21.882439113715435	20.116279069767444
1709648474.6260228	21.882439113715435	20.116279069767444
1709648474.7901914	21.882439113715435	20.116279069767444
1709648474.9494479	21.882439113715435	20.116279069767444
1709648475.113675	21.882439113715435	20.116279069767444
1709648475.2858515	21.882439113715435	20.116279069767444
1709648475.4522798	21.882439113715435	20.116279069767444
1709648475.6194918	21.882439113715435	20.116279069767444
1709648475.794876	21.882439113715435	20.116279069767444
1709648475.9677174	21.882439113715435	20.116279069767444
1709648476.142061	21.882439113715435	20.096136238784105
1709648476.3359265	21.882439113715435	20.096136238784105
1709648476.5081284	21.882439113715435	20.116279069767444
1709648476.6746325	21.882439113715435	20.116279069767444
1709648476.849705	21.882439113715435	20.116279069767444
1709648477.0240414	21.882439113715435	20.116279069767444
1709648477.185913	21.882439113715435	20.096136238784105
1709648477.351346	21.882439113715435	20.116279069767444
1709648477.5244076	21.882439113715435	20.116279069767444
1709648477.7007058	21.882439113715435	20.116279069767444
1709648477.8749728	21.882439113715435	20.116279069767444
1709648478.0379326	21.882439113715435	20.116279069767444
1709648478.2111216	21.882439113715435	20.12635048525911
1709648478.3843017	21.882439113715435	20.116279069767444
1709648478.5575225	21.882439113715435	20.116279069767444
1709648478.7307367	21.882439113715435	20.116279069767444
1709648478.908829	21.882439113715435	20.116279069767444
1709648479.0820143	21.882439113715435	20.116279069767444
1709648479.2564192	21.882439113715435	20.116279069767444
1709648479.418425	21.882439113715435	20.116279069767444
1709648479.5946243	21.882439113715435	20.116279069767444
