1710252822.0008612	57.773301593114816	20.478850027467494
1710252822.6089237	57.773301593114816	20.488921442959168
1710252822.7679467	57.773301593114816	20.488921442959168
1710252822.9269803	57.78550936946835	20.498992858450833
1710252823.0889459	57.78550936946835	20.488921442959168
1710252823.2329807	57.773301593114816	20.488921442959168
1710252823.392976	57.773301593114816	20.488921442959168
1710252823.5531218	57.773301593114816	20.488921442959168
1710252823.713102	57.761093816761274	20.498992858450833
1710252823.8734238	57.761093816761274	20.498992858450833
1710252824.0320084	57.761093816761274	20.498992858450833
1710252824.195132	57.74888604040774	20.519135689434172
1710252824.3561726	57.761093816761274	20.498992858450833
1710252824.5192525	57.73057437587743	20.529207104925838
1710252824.6800978	57.73057437587743	20.529207104925838
1710252824.8402925	57.73057437587743	20.529207104925838
1710252825.0001514	57.71226271134713	20.529207104925838
1710252825.1613252	57.71226271134713	20.519135689434172
1710252825.321303	57.687847158640054	20.519135689434172
1710252825.4811187	57.687847158640054	20.519135689434172
1710252825.6402657	57.687847158640054	20.519135689434172
1710252825.8011842	57.687847158640054	20.519135689434172
1710252825.9621532	57.66343160593298	20.519135689434172
1710252826.1234155	57.66343160593298	20.529207104925838
1710252826.3112745	57.66343160593298	20.529207104925838
1710252826.4723227	57.6390160532259	20.529207104925838
1710252826.6332705	57.6390160532259	20.529207104925838
1710252826.7912745	57.6390160532259	20.539278520417504
1710252826.9525938	57.61460050051883	20.529207104925838
1710252827.1133482	57.61460050051883	20.529207104925838
1710252827.2722464	57.61460050051883	20.529207104925838
1710252827.4326434	57.596288835988524	20.529207104925838
1710252827.5923893	57.596288835988524	20.539278520417504
1710252827.7532523	57.596288835988524	20.539278520417504
1710252827.9146686	57.596288835988524	20.539278520417504
1710252828.07327	57.596288835988524	20.539278520417504
1710252828.2334533	57.596288835988524	20.539278520417504
1710252828.3943522	57.58408105963499	20.539278520417504
1710252828.5553055	57.58408105963499	20.539278520417504
1710252828.7143242	57.58408105963499	20.539278520417504
1710252828.8573241	57.58408105963499	20.529207104925838
1710252829.0173485	57.559665506927914	20.529207104925838
1710252829.1753476	57.559665506927914	20.539278520417504
1710252829.334349	57.559665506927914	20.539278520417504
1710252829.494379	57.559665506927914	20.529207104925838
1710252829.6823754	57.559665506927914	20.529207104925838
1710252829.8253746	57.559665506927914	20.529207104925838
1710252829.9834008	57.559665506927914	20.529207104925838
1710252830.142399	57.53524995422084	20.529207104925838
1710252830.3014297	57.53524995422084	20.529207104925838
1710252830.461428	57.53524995422084	20.539278520417504
1710252830.6215434	57.53524995422084	20.539278520417504
1710252830.7804523	57.53524995422084	20.529207104925838
1710252830.939482	57.51083440151376	20.539278520417504
1710252831.0824864	57.51083440151376	20.529207104925838
1710252831.2254865	57.51083440151376	20.529207104925838
1710252831.3705006	57.51083440151376	20.529207104925838
1710252831.530529	57.51083440151376	20.529207104925838
1710252831.688516	57.51083440151376	20.529207104925838
1710252831.847605	57.51083440151376	20.519135689434172
1710252832.0055587	57.48641884880669	20.529207104925838
1710252832.16662	57.48641884880669	20.529207104925838
1710252832.3275714	57.48641884880669	20.529207104925838
1710252832.4885762	57.48641884880669	20.529207104925838
1710252832.6487796	57.48641884880669	20.529207104925838
1710252832.835961	57.48641884880669	20.529207104925838
1710252832.9956734	57.48641884880669	20.539278520417504
1710252833.1567173	57.48641884880669	20.539278520417504
1710252833.3170075	57.48641884880669	20.539278520417504
1710252833.4766889	57.48641884880669	20.529207104925838
1710252833.6370075	57.48641884880669	20.529207104925838
1710252833.7957232	57.48641884880669	20.529207104925838
1710252833.9559329	57.48641884880669	20.529207104925838
1710252834.1160507	57.48641884880669	20.539278520417504
1710252834.2746775	57.48641884880669	20.539278520417504
1710252834.4359663	57.46200329609962	20.519135689434172
1710252834.5947073	57.46200329609962	20.529207104925838
1710252834.7538471	57.46200329609962	20.529207104925838
1710252834.9147944	57.46200329609962	20.529207104925838
1710252835.072728	57.46200329609962	20.539278520417504
1710252835.2317157	57.46200329609962	20.529207104925838
1710252835.391745	57.46200329609962	20.519135689434172
1710252835.551864	57.46200329609962	20.529207104925838
1710252835.71288	57.46200329609962	20.529207104925838
1710252835.8707836	57.46200329609962	20.529207104925838
1710252836.0437841	57.46200329609962	20.539278520417504
1710252836.202815	57.46200329609962	20.529207104925838
1710252836.346758	57.46200329609962	20.529207104925838
1710252836.506088	57.46200329609962	20.529207104925838
1710252836.66609	57.46200329609962	20.529207104925838
1710252836.8100793	57.46200329609962	20.529207104925838
1710252836.9528491	57.46200329609962	20.529207104925838
1710252837.0958538	57.46200329609962	20.519135689434172
1710252837.2548945	57.46200329609962	20.529207104925838
1710252837.4151397	57.46200329609962	20.519135689434172
1710252837.5578873	57.46200329609962	20.529207104925838
1710252837.7021906	57.46200329609962	20.529207104925838
1710252837.8461754	57.46200329609962	20.529207104925838
1710252837.990916	57.46200329609962	20.529207104925838
1710252838.1341968	57.46200329609962	20.529207104925838
1710252838.2769313	57.46200329609962	20.529207104925838
1710252838.4199352	57.46200329609962	20.519135689434172
1710252838.5629458	57.46200329609962	20.519135689434172
1710252838.7222211	57.46200329609962	20.519135689434172
1710252838.882007	57.46200329609962	20.519135689434172
1710252839.0410855	57.46200329609962	20.519135689434172
1710252839.2289944	57.46200329609962	20.519135689434172
1710252839.3720005	57.46200329609962	20.529207104925838
1710252839.5150075	57.46200329609962	20.519135689434172
1710252839.6752963	57.46200329609962	20.519135689434172
1710252839.8170311	57.48641884880669	20.529207104925838
1710252839.9772992	57.46200329609962	20.519135689434172
1710252840.1200583	57.46200329609962	20.519135689434172
1710252840.2790542	57.48641884880669	20.519135689434172
1710252840.423237	57.48641884880669	20.519135689434172
1710252840.5830917	57.48641884880669	20.529207104925838
1710252840.727349	57.48641884880669	20.529207104925838
1710252840.8863833	57.48641884880669	20.519135689434172
1710252841.030383	57.48641884880669	20.519135689434172
1710252841.1891303	57.46200329609962	20.519135689434172
1710252841.3321388	57.46200329609962	20.519135689434172
1710252841.4754045	57.46200329609962	20.519135689434172
1710252841.619295	57.48641884880669	20.519135689434172
1710252841.763464	57.46200329609962	20.498992858450833
1710252841.9083612	57.49862662516023	20.519135689434172
1710252842.0511842	57.48641884880669	20.519135689434172
1710252842.2232018	57.48641884880669	20.519135689434172
1710252842.3672824	57.46200329609962	20.519135689434172
1710252842.5102267	57.48641884880669	20.519135689434172
1710252842.6692092	57.48641884880669	20.519135689434172
1710252842.8294408	57.48641884880669	20.519135689434172
1710252842.9722323	57.48641884880669	20.519135689434172
1710252843.132512	57.48641884880669	20.519135689434172
1710252843.2762513	57.46200329609962	20.519135689434172
1710252843.4205427	57.48641884880669	20.519135689434172
1710252843.5644248	57.48641884880669	20.519135689434172
1710252843.7072978	57.48641884880669	20.519135689434172
1710252843.866452	57.48641884880669	20.519135689434172
1710252844.0104592	57.48641884880669	20.519135689434172
1710252844.154309	57.48641884880669	20.519135689434172
1710252844.2972841	57.48641884880669	20.529207104925838
1710252844.4415977	57.48641884880669	20.519135689434172
1710252844.5845053	57.48641884880669	20.519135689434172
1710252844.7275999	57.48641884880669	20.519135689434172
1710252844.870354	57.48641884880669	20.519135689434172
1710252845.0293353	57.49862662516023	20.498992858450833
1710252845.174527	57.49862662516023	20.519135689434172
1710252845.3443918	57.48641884880669	20.498992858450833
1710252845.4873822	57.49862662516023	20.498992858450833
1710252845.6294205	57.47421107245315	20.498992858450833
1710252845.7736835	57.49862662516023	20.519135689434172
1710252845.9315953	57.49862662516023	20.498992858450833
1710252846.0744367	57.49862662516023	20.498992858450833
1710252846.2175531	57.47421107245315	20.498992858450833
1710252846.3616114	57.49862662516023	20.498992858450833
1710252846.5224671	57.48641884880669	20.519135689434172
1710252846.6817048	57.49862662516023	20.498992858450833
1710252846.841747	57.48641884880669	20.519135689434172
1710252846.9844892	57.48641884880669	20.519135689434172
1710252847.144711	57.48641884880669	20.519135689434172
1710252847.3037858	57.49862662516023	20.498992858450833
1710252847.4464645	57.49862662516023	20.519135689434172
1710252847.589713	57.46200329609962	20.519135689434172
1710252847.7338345	57.48641884880669	20.498992858450833
1710252847.8928418	57.47421107245315	20.498992858450833
1710252848.0368502	57.47421107245315	20.498992858450833
1710252848.1947606	57.46200329609962	20.519135689434172
1710252848.3668752	57.46200329609962	20.498992858450833
1710252848.52458	57.47421107245315	20.498992858450833
1710252848.6688812	57.49862662516023	20.498992858450833
1710252848.8276126	57.47421107245315	20.498992858450833
1710252848.9717815	57.47421107245315	20.498992858450833
1710252849.1159074	57.47421107245315	20.498992858450833
1710252849.2746608	57.47421107245315	20.498992858450833
1710252849.4176972	57.47421107245315	20.498992858450833
1710252849.5766716	57.47421107245315	20.498992858450833
1710252849.7196622	57.47421107245315	20.498992858450833
1710252849.8629606	57.47421107245315	20.498992858450833
1710252850.021693	57.49862662516023	20.498992858450833
1710252850.180972	57.49862662516023	20.498992858450833
1710252850.3237104	57.49862662516023	20.498992858450833
1710252850.4829814	57.49862662516023	20.498992858450833
1710252850.6256678	57.49862662516023	20.488921442959168
1710252850.7850273	57.48641884880669	20.488921442959168
1710252850.9287498	57.48641884880669	20.488921442959168
1710252851.072771	57.48641884880669	20.498992858450833
1710252851.2320392	57.48641884880669	20.488921442959168
1710252851.4209564	57.49862662516023	20.498992858450833
1710252851.5637887	57.49862662516023	20.498992858450833
1710252851.708873	57.49862662516023	20.498992858450833
1710252851.8679066	57.49862662516023	20.498992858450833
1710252852.0108063	57.49862662516023	20.498992858450833
1710252852.153825	57.49862662516023	20.498992858450833
1710252852.2968357	57.49862662516023	20.498992858450833
1710252852.4549305	57.48641884880669	20.488921442959168
1710252852.597949	57.48641884880669	20.498992858450833
1710252852.7569642	57.49862662516023	20.498992858450833
1710252852.9170456	57.48641884880669	20.488921442959168
1710252853.0599358	57.48641884880669	20.498992858450833
1710252853.2190375	57.49862662516023	20.498992858450833
1710252853.3782096	57.48641884880669	20.488921442959168
1710252853.5222068	57.48641884880669	20.488921442959168
1710252853.6820939	57.48641884880669	20.488921442959168
1710252853.8399463	57.48641884880669	20.488921442959168
1710252853.9839475	57.48641884880669	20.488921442959168
1710252854.1432009	57.46200329609962	20.488921442959168
1710252854.287004	57.46200329609962	20.488921442959168
1710252854.446245	57.49862662516023	20.498992858450833
1710252854.618995	57.49862662516023	20.488921442959168
1710252854.7633152	57.48641884880669	20.488921442959168
1710252854.907146	57.48641884880669	20.498992858450833
1710252855.0661244	57.49862662516023	20.498992858450833
1710252855.2102869	57.49862662516023	20.498992858450833
1710252855.3700564	57.48641884880669	20.488921442959168
1710252855.5130463	57.48641884880669	20.488921442959168
1710252855.674479	57.48641884880669	20.488921442959168
1710252855.834139	57.49862662516023	20.498992858450833
1710252855.9974782	57.47421107245315	20.498992858450833
1710252856.1551716	57.48641884880669	20.498992858450833
1710252856.3132246	57.47421107245315	20.498992858450833
1710252856.4722006	57.46200329609962	20.488921442959168
1710252856.6312344	57.47421107245315	20.498992858450833
1710252856.7915323	57.47421107245315	20.498992858450833
1710252856.9505517	57.47421107245315	20.498992858450833
1710252857.1103644	57.47421107245315	20.498992858450833
1710252857.2681491	57.47421107245315	20.498992858450833
1710252857.4131725	57.47421107245315	20.488921442959168
1710252857.571173	57.46200329609962	20.488921442959168
1710252857.7581973	57.46200329609962	20.488921442959168
1710252857.9162052	57.46200329609962	20.488921442959168
1710252858.0752912	57.46200329609962	20.488921442959168
1710252858.2332213	57.46200329609962	20.488921442959168
1710252858.3922255	57.44369163156931	20.488921442959168
1710252858.5512516	57.44369163156931	20.478850027467494
1710252858.709321	57.46200329609962	20.488921442959168
1710252858.8682508	57.46200329609962	20.488921442959168
1710252859.0272734	57.449795519746075	20.498992858450833
1710252859.1862764	57.44369163156931	20.488921442959168
1710252859.3453505	57.44369163156931	20.488921442959168
1710252859.5054247	57.44369163156931	20.488921442959168
1710252859.665437	57.44369163156931	20.488921442959168
1710252859.8254	57.44369163156931	20.488921442959168
1710252859.984335	57.44369163156931	20.488921442959168
1710252860.1443477	57.44369163156931	20.488921442959168
1710252860.3023608	57.449795519746075	20.498992858450833
1710252860.4623787	57.431483855215774	20.498992858450833
1710252860.6073587	57.44369163156931	20.498992858450833
1710252860.7673733	57.449795519746075	20.498992858450833
1710252860.9545326	57.41927607886223	20.488921442959168
1710252861.1145415	57.431483855215774	20.498992858450833
1710252861.273416	57.431483855215774	20.498992858450833
1710252861.431529	57.41927607886223	20.488921442959168
1710252861.5914288	57.431483855215774	20.498992858450833
1710252861.7494185	57.431483855215774	20.498992858450833
1710252861.9095564	57.41927607886223	20.488921442959168
1710252862.0524507	57.41927607886223	20.488921442959168
1710252862.2114995	57.431483855215774	20.498992858450833
1710252862.3704267	57.431483855215774	20.498992858450833
1710252862.529512	57.4070683025087	20.498992858450833
1710252862.6875033	57.39486052615516	20.488921442959168
1710252862.8476262	57.4070683025087	20.498992858450833
1710252863.0076454	57.4070683025087	20.498992858450833
1710252863.1515222	57.4070683025087	20.498992858450833
1710252863.312539	57.39486052615516	20.488921442959168
1710252863.4576914	57.39486052615516	20.488921442959168
1710252863.6175888	57.39486052615516	20.488921442959168
1710252863.7775784	57.39486052615516	20.488921442959168
1710252863.9365327	57.39486052615516	20.488921442959168
1710252864.0806992	57.39486052615516	20.488921442959168
1710252864.269612	57.39486052615516	20.488921442959168
1710252864.4296184	57.37044497344809	20.488921442959168
1710252864.5897226	57.37044497344809	20.488921442959168
1710252864.7485914	57.37044497344809	20.488921442959168
1710252864.9077227	57.37044497344809	20.488921442959168
1710252865.0676475	57.37044497344809	20.488921442959168
1710252865.225642	57.37044497344809	20.488921442959168
1710252865.3706357	57.37044497344809	20.488921442959168
1710252865.5306604	57.37044497344809	20.478850027467494
1710252865.6916924	57.34602942074101	20.488921442959168
1710252865.8356948	57.34602942074101	20.488921442959168
1710252865.9807127	57.34602942074101	20.488921442959168
1710252866.1247132	57.34602942074101	20.488921442959168
1710252866.2677104	57.34602942074101	20.488921442959168
1710252866.411714	57.34602942074101	20.488921442959168
1710252866.572742	57.34602942074101	20.488921442959168
1710252866.733713	57.321613868033936	20.488921442959168
1710252866.8777778	57.358237197094546	20.488921442959168
1710252867.0367384	57.34602942074101	20.488921442959168
1710252867.1978025	57.321613868033936	20.488921442959168
1710252867.3848174	57.321613868033936	20.478850027467494
1710252867.5287993	57.33382164438748	20.488921442959168
1710252867.6738307	57.321613868033936	20.488921442959168
1710252867.8328831	57.321613868033936	20.488921442959168
1710252867.991853	57.321613868033936	20.488921442959168
1710252868.1358175	57.321613868033936	20.488921442959168
1710252868.2968695	57.29719831532687	20.478850027467494
1710252868.440881	57.29719831532687	20.478850027467494
1710252868.5848832	57.29719831532687	20.488921442959168
1710252868.7289026	57.29719831532687	20.478850027467494
1710252868.8718803	57.29719831532687	20.478850027467494
1710252869.032907	57.29719831532687	20.488921442959168
1710252869.1769137	57.29719831532687	20.478850027467494
1710252869.321919	57.27888665079656	20.478850027467494
1710252869.4669116	57.29719831532687	20.478850027467494
1710252869.6319604	57.27888665079656	20.478850027467494
1710252869.7919624	57.27888665079656	20.478850027467494
1710252869.9529798	57.27888665079656	20.478850027467494
1710252870.0949616	57.27888665079656	20.478850027467494
1710252870.2540636	57.25447109808948	20.478850027467494
1710252870.4260259	57.27888665079656	20.478850027467494
1710252870.5699825	57.25447109808948	20.458707196484163
1710252870.729112	57.25447109808948	20.458707196484163
1710252870.8870702	57.25447109808948	20.478850027467494
1710252871.0461295	57.25447109808948	20.478850027467494
1710252871.189036	57.25447109808948	20.478850027467494
1710252871.333053	57.25447109808948	20.478850027467494
1710252871.4911768	57.230055545382406	20.458707196484163
1710252871.6350753	57.230055545382406	20.478850027467494
1710252871.777077	57.230055545382406	20.478850027467494
1710252871.922107	57.230055545382406	20.458707196484163
1710252872.0661156	57.230055545382406	20.458707196484163
1710252872.227168	57.230055545382406	20.458707196484163
1710252872.3861325	57.20563999267534	20.458707196484163
1710252872.5441124	57.20563999267534	20.458707196484163
1710252872.704159	57.20563999267534	20.458707196484163
1710252872.8622756	57.20563999267534	20.458707196484163
1710252873.0211585	57.20563999267534	20.478850027467494
1710252873.179184	57.18122443996826	20.458707196484163
1710252873.338183	57.18122443996826	20.458707196484163
1710252873.481235	57.18122443996826	20.458707196484163
1710252873.665217	57.18122443996826	20.458707196484163
1710252873.823187	57.156808887261185	20.458707196484163
1710252873.966239	57.156808887261185	20.458707196484163
1710252874.1243095	57.156808887261185	20.458707196484163
1710252874.26724	57.156808887261185	20.458707196484163
1710252874.410253	57.156808887261185	20.458707196484163
1710252874.5683522	57.13239333455411	20.458707196484163
1710252874.7272823	57.13239333455411	20.458707196484163
1710252874.885364	57.13239333455411	20.458707196484163
1710252875.0443704	57.13239333455411	20.458707196484163
1710252875.2023156	57.13239333455411	20.458707196484163
1710252875.3613112	57.13239333455411	20.458707196484163
1710252875.5033906	57.13239333455411	20.458707196484163
1710252875.6634078	57.11408167002381	20.478850027467494
1710252875.821342	57.11408167002381	20.458707196484163
1710252875.9793637	57.11408167002381	20.458707196484163
1710252876.1373432	57.08966611731673	20.458707196484163
1710252876.2953916	57.08966611731673	20.458707196484163
1710252876.4564273	57.08966611731673	20.458707196484163
1710252876.5993857	57.08966611731673	20.458707196484163
1710252876.7865102	57.065250564609656	20.44863578099249
1710252876.9305365	57.065250564609656	20.458707196484163
1710252877.0894306	57.065250564609656	20.458707196484163
1710252877.2495492	57.065250564609656	20.458707196484163
1710252877.4104466	57.065250564609656	20.458707196484163
1710252877.570673	57.046938900079354	20.478850027467494
1710252877.7295792	57.046938900079354	20.458707196484163
1710252877.8895366	57.03473112372581	20.458707196484163
1710252878.0495412	57.03473112372581	20.478850027467494
1710252878.2084882	57.03473112372581	20.458707196484163
1710252878.3686762	57.03473112372581	20.478850027467494
1710252878.5285563	57.01031557101874	20.478850027467494
1710252878.6875455	57.01031557101874	20.458707196484163
1710252878.8476808	57.01031557101874	20.458707196484163
1710252879.0077624	57.01031557101874	20.458707196484163
1710252879.1665783	56.98590001831167	20.478850027467494
1710252879.3265865	56.98590001831167	20.458707196484163
1710252879.4855933	56.98590001831167	20.478850027467494
1710252879.6285808	56.98590001831167	20.458707196484163
1710252879.79	56.96758835378136	20.478850027467494
1710252879.9476237	56.96758835378136	20.458707196484163
1710252880.132629	56.94317280107428	20.458707196484163
1710252880.2927873	56.94317280107428	20.458707196484163
1710252880.4506507	56.94317280107428	20.458707196484163
1710252880.6096735	56.91875724836721	20.458707196484163
1710252880.7697837	56.91875724836721	20.458707196484163
1710252880.9286666	56.91875724836721	20.458707196484163
1710252881.089753	56.91875724836721	20.458707196484163
1710252881.2486985	56.89434169566014	20.478850027467494
1710252881.4099898	56.89434169566014	20.458707196484163
1710252881.5700912	56.89434169566014	20.478850027467494
1710252881.730946	56.86992614295306	20.458707196484163
1710252881.8898687	56.86992614295306	20.458707196484163
1710252882.0487525	56.86992614295306	20.458707196484163
1710252882.2108147	56.845510590245986	20.478850027467494
1710252882.36975	56.845510590245986	20.478850027467494
1710252882.5317767	56.845510590245986	20.458707196484163
1710252882.692793	56.82719892571568	20.478850027467494
1710252882.8539212	56.82719892571568	20.458707196484163
1710252883.0128236	56.82719892571568	20.478850027467494
1710252883.1708272	56.82719892571568	20.478850027467494
1710252883.358837	56.80278337300861	20.458707196484163
1710252883.5018523	56.80278337300861	20.478850027467494
1710252883.6628594	56.80278337300861	20.458707196484163
1710252883.8218708	56.77836782030153	20.44863578099249
1710252883.980874	56.77836782030153	20.458707196484163
1710252884.1239634	56.77836782030153	20.458707196484163
1710252884.2828996	56.75395226759446	20.458707196484163
1710252884.4429104	56.75395226759446	20.478850027467494
1710252884.6029902	56.75395226759446	20.458707196484163
1710252884.7459195	56.75395226759446	20.458707196484163
1710252884.9049408	56.72953671488738	20.458707196484163
1710252885.0479255	56.72953671488738	20.44863578099249
1710252885.2080066	56.70512116218031	20.458707196484163
1710252885.3670392	56.70512116218031	20.458707196484163
1710252885.5259702	56.70512116218031	20.458707196484163
1710252885.6869948	56.680705609473236	20.44863578099249
1710252885.847	56.680705609473236	20.458707196484163
1710252886.0060008	56.680705609473236	20.478850027467494
1710252886.165021	56.66239394494293	20.458707196484163
1710252886.3230598	56.66239394494293	20.458707196484163
1710252886.5120463	56.66239394494293	20.458707196484163
1710252886.6720455	56.66239394494293	20.458707196484163
1710252886.8151205	56.66239394494293	20.458707196484163
1710252886.974135	56.63797839223585	20.458707196484163
1710252887.1341035	56.63797839223585	20.458707196484163
1710252887.2920887	56.61356283952878	20.458707196484163
1710252887.4510958	56.61356283952878	20.458707196484163
1710252887.6111016	56.61356283952878	20.458707196484163
1710252887.77012	56.61356283952878	20.458707196484163
1710252887.9281292	56.61356283952878	20.458707196484163
1710252888.0871453	56.58914728682171	20.44863578099249
1710252888.2461262	56.58914728682171	20.44863578099249
1710252888.4041462	56.56473173411463	20.44863578099249
1710252888.5631716	56.56473173411463	20.44863578099249
1710252888.7211783	56.56473173411463	20.44863578099249
1710252888.8801854	56.56473173411463	20.44863578099249
1710252889.0382621	56.540316181407555	20.44863578099249
1710252889.1811917	56.540316181407555	20.44863578099249
1710252889.3392212	56.540316181407555	20.44863578099249
1710252889.4982226	56.52810840505402	20.44863578099249
1710252889.6562436	56.52810840505402	20.44863578099249
1710252889.84525	56.515900628700486	20.428492950009158
1710252890.00427	56.50979674052371	20.44863578099249
1710252890.1642706	56.50979674052371	20.44863578099249
1710252890.323282	56.50979674052371	20.44863578099249
1710252890.4812996	56.50979674052371	20.44863578099249
1710252890.624298	56.50979674052371	20.44863578099249
1710252890.7844017	56.48538118781664	20.44863578099249
1710252890.943321	56.48538118781664	20.44863578099249
1710252891.103388	56.48538118781664	20.44863578099249
1710252891.2643495	56.48538118781664	20.428492950009158
1710252891.422418	56.46096563510957	20.44863578099249
1710252891.5824018	56.46096563510957	20.44863578099249
1710252891.7403753	56.46096563510957	20.44863578099249
1710252891.900441	56.46096563510957	20.44863578099249
1710252892.0593994	56.43655008240249	20.44863578099249
1710252892.219522	56.43655008240249	20.44863578099249
1710252892.3784049	56.43655008240249	20.458707196484163
1710252892.5374212	56.43655008240249	20.44863578099249
1710252892.696426	56.412134529695415	20.428492950009158
1710252892.8554513	56.412134529695415	20.44863578099249
1710252893.042449	56.412134529695415	20.44863578099249
1710252893.201482	56.38771897698834	20.458707196484163
1710252893.3604796	56.38771897698834	20.44863578099249
1710252893.5195522	56.38771897698834	20.44863578099249
1710252893.6785128	56.38771897698834	20.44863578099249
1710252893.8365176	56.38771897698834	20.44863578099249
1710252893.9955382	56.36330342428127	20.44863578099249
1710252894.1385462	56.36330342428127	20.428492950009158
1710252894.2815316	56.36330342428127	20.428492950009158
1710252894.440547	56.36330342428127	20.44863578099249
1710252894.5835564	56.36330342428127	20.44863578099249
1710252894.727557	56.34499175975096	20.44863578099249
1710252894.886581	56.34499175975096	20.44863578099249
1710252895.0455818	56.34499175975096	20.44863578099249
1710252895.204587	56.32668009522065	20.44863578099249
1710252895.3636038	56.32668009522065	20.44863578099249
1710252895.5226092	56.32668009522065	20.44863578099249
1710252895.6816268	56.32668009522065	20.44863578099249
1710252895.8396337	56.32668009522065	20.44863578099249
1710252895.9986594	56.30226454251358	20.44863578099249
1710252896.156656	56.30226454251358	20.428492950009158
1710252896.343662	56.27784898980651	20.428492950009158
1710252896.504811	56.30226454251358	20.44863578099249
1710252896.6639385	56.27784898980651	20.428492950009158
1710252896.825018	56.27784898980651	20.428492950009158
1710252896.9838371	56.27784898980651	20.44863578099249
1710252897.1427536	56.27784898980651	20.44863578099249
1710252897.302801	56.27784898980651	20.428492950009158
1710252897.4628637	56.25343343709943	20.44863578099249
1710252897.62176	56.25343343709943	20.458707196484163
1710252897.782948	56.25343343709943	20.44863578099249
1710252897.941866	56.25343343709943	20.44863578099249
1710252898.1008008	56.25343343709943	20.44863578099249
1710252898.2587867	56.229017884392356	20.44863578099249
1710252898.4178002	56.229017884392356	20.44863578099249
1710252898.5780804	56.229017884392356	20.44863578099249
1710252898.738828	56.229017884392356	20.44863578099249
1710252898.8988304	56.229017884392356	20.44863578099249
1710252899.0578432	56.210706219862054	20.458707196484163
1710252899.2168677	56.210706219862054	20.44863578099249
1710252899.376905	56.210706219862054	20.44863578099249
1710252899.5638788	56.210706219862054	20.44863578099249
1710252899.72188	56.210706219862054	20.44863578099249
1710252899.882094	56.18629066715498	20.44863578099249
1710252900.0409098	56.18629066715498	20.428492950009158
1710252900.1999037	56.18629066715498	20.44863578099249
1710252900.357929	56.1618751144479	20.44863578099249
1710252900.5019422	56.1618751144479	20.428492950009158
1710252900.6609385	56.1618751144479	20.428492950009158
1710252900.8029573	56.1618751144479	20.428492950009158
1710252900.96196	56.1618751144479	20.428492950009158
1710252901.1039455	56.1618751144479	20.428492950009158
1710252901.249981	56.137459561740826	20.428492950009158
1710252901.3929787	56.137459561740826	20.428492950009158
1710252901.555146	56.137459561740826	20.428492950009158
1710252901.6981733	56.137459561740826	20.428492950009158
1710252901.8431337	56.137459561740826	20.428492950009158
1710252901.9860306	56.137459561740826	20.428492950009158
1710252902.129036	56.11304400903376	20.428492950009158
1710252902.272301	56.11304400903376	20.428492950009158
1710252902.4150598	56.11304400903376	20.428492950009158
1710252902.558056	56.11304400903376	20.428492950009158
1710252902.7323372	56.11304400903376	20.428492950009158
1710252902.875357	56.11304400903376	20.428492950009158
1710252903.0180838	56.11304400903376	20.428492950009158
1710252903.1611052	56.08862845632668	20.428492950009158
1710252903.3203733	56.08862845632668	20.428492950009158
1710252903.4652514	56.08862845632668	20.428492950009158
1710252903.6244044	56.08862845632668	20.418421534517485
1710252903.7671366	56.08862845632668	20.428492950009158
1710252903.9114275	56.08862845632668	20.418421534517485
1710252904.0553646	56.064212903619605	20.418421534517485
1710252904.1992927	56.064212903619605	20.428492950009158
1710252904.3421867	56.064212903619605	20.418421534517485
1710252904.5023308	56.064212903619605	20.418421534517485
1710252904.6602848	56.064212903619605	20.418421534517485
1710252904.8192158	56.064212903619605	20.428492950009158
1710252904.9612064	56.064212903619605	20.428492950009158
1710252905.1055179	56.064212903619605	20.418421534517485
1710252905.249511	56.064212903619605	20.418421534517485
1710252905.392236	56.064212903619605	20.418421534517485
1710252905.5502539	56.0459012390893	20.418421534517485
1710252905.7212615	56.064212903619605	20.418421534517485
1710252905.8792818	56.0459012390893	20.418421534517485
1710252906.0222843	56.0459012390893	20.418421534517485
1710252906.1643755	56.0459012390893	20.418421534517485
1710252906.3084545	56.0459012390893	20.418421534517485
1710252906.4513087	56.0459012390893	20.418421534517485
1710252906.5955768	56.0459012390893	20.418421534517485
1710252906.7383454	56.0459012390893	20.418421534517485
1710252906.8813326	56.0459012390893	20.418421534517485
1710252907.0243356	56.02148568638223	20.418421534517485
1710252907.1836145	56.0459012390893	20.418421534517485
1710252907.326457	56.0459012390893	20.40835011902582
1710252907.4706516	56.02148568638223	20.418421534517485
1710252907.6306436	56.02148568638223	20.418421534517485
1710252907.788661	56.02148568638223	20.418421534517485
1710252907.9314134	56.02148568638223	20.418421534517485
1710252908.0756874	56.02148568638223	20.418421534517485
1710252908.2347152	56.02148568638223	20.418421534517485
1710252908.3774347	56.02148568638223	20.40835011902582
1710252908.5354388	56.02148568638223	20.40835011902582
1710252908.7087224	56.02148568638223	20.418421534517485
1710252908.8514621	56.02148568638223	20.418421534517485
1710252908.994703	56.02148568638223	20.418421534517485
1710252909.1374648	56.02148568638223	20.40835011902582
1710252909.2977023	56.02148568638223	20.418421534517485
1710252909.440524	56.02148568638223	20.418421534517485
1710252909.5835176	56.02148568638223	20.40835011902582
1710252909.742806	56.02148568638223	20.40835011902582
1710252909.8868492	56.02148568638223	20.40835011902582
1710252910.0445204	55.99707013367515	20.40835011902582
1710252910.1886966	55.99707013367515	20.40835011902582
1710252910.331727	55.99707013367515	20.40835011902582
1710252910.4915674	55.99707013367515	20.38820728804248
1710252910.6355913	55.99707013367515	20.40835011902582
1710252910.7945805	55.99707013367515	20.40835011902582
1710252910.9385998	55.99707013367515	20.40835011902582
1710252911.081589	55.99707013367515	20.418421534517485
1710252911.2245917	55.99707013367515	20.40835011902582
1710252911.3686125	55.98486235732162	20.418421534517485
1710252911.5127163	55.99707013367515	20.418421534517485
1710252911.670639	55.99707013367515	20.40835011902582
1710252911.8436434	55.98486235732162	20.38820728804248
1710252911.9866483	55.99707013367515	20.40835011902582
1710252912.1308236	55.99707013367515	20.40835011902582
1710252912.2909555	55.98486235732162	20.418421534517485
1710252912.4336998	55.98486235732162	20.418421534517485
1710252912.5939627	55.98486235732162	20.40835011902582
1710252912.7380264	55.98486235732162	20.40835011902582
1710252912.897869	55.98486235732162	20.40835011902582
1710252913.0397413	55.98486235732162	20.40835011902582
1710252913.1997468	55.98486235732162	20.40835011902582
1710252913.3430426	55.98486235732162	20.418421534517485
1710252913.4887767	55.98486235732162	20.40835011902582
1710252913.6317227	55.98486235732162	20.40835011902582
1710252913.7747915	55.98486235732162	20.40835011902582
1710252913.9187968	55.98486235732162	20.40835011902582
1710252914.061792	55.98486235732162	20.40835011902582
1710252914.2218277	55.98486235732162	20.40835011902582
1710252914.382091	55.96044680461454	20.40835011902582
1710252914.5250866	55.98486235732162	20.40835011902582
1710252914.6678605	55.98486235732162	20.40835011902582
1710252914.8401074	55.98486235732162	20.40835011902582
1710252914.982134	55.96044680461454	20.418421534517485
1710252915.142127	55.96044680461454	20.40835011902582
1710252915.2848687	55.96044680461454	20.40835011902582
1710252915.4291086	55.96044680461454	20.40835011902582
1710252915.5718877	55.96044680461454	20.40835011902582
1710252915.7148948	55.96044680461454	20.40835011902582
1710252915.857918	55.96044680461454	20.40835011902582
1710252916.000933	55.96044680461454	20.40835011902582
1710252916.1441813	55.96044680461454	20.38820728804248
1710252916.2881377	55.96044680461454	20.418421534517485
1710252916.431039	55.96044680461454	20.38820728804248
1710252916.5740433	55.936031251907465	20.40835011902582
1710252916.7179682	55.96044680461454	20.40835011902582
1710252916.861239	55.936031251907465	20.40835011902582
1710252917.019989	55.96044680461454	20.40835011902582
1710252917.1630037	55.96044680461454	20.40835011902582
1710252917.3220181	55.936031251907465	20.38820728804248
1710252917.465023	55.936031251907465	20.418421534517485
1710252917.6081045	55.936031251907465	20.40835011902582
1710252917.7993107	55.936031251907465	20.40835011902582
1710252917.9432526	55.936031251907465	20.418421534517485
1710252918.1031947	55.936031251907465	20.40835011902582
1710252918.246073	55.936031251907465	20.40835011902582
1710252918.3890681	55.936031251907465	20.40835011902582
1710252918.5332382	55.936031251907465	20.40835011902582
1710252918.676371	55.936031251907465	20.40835011902582
1710252918.8192348	55.936031251907465	20.40835011902582
1710252918.9643648	55.936031251907465	20.38820728804248
1710252919.1243968	55.936031251907465	20.38820728804248
1710252919.2681332	55.936031251907465	20.40835011902582
1710252919.411144	55.91161569920039	20.40835011902582
1710252919.571402	55.91161569920039	20.40835011902582
1710252919.7143195	55.91161569920039	20.40835011902582
1710252919.8583486	55.91161569920039	20.40835011902582
1710252920.0011332	55.91161569920039	20.40835011902582
1710252920.1444614	55.91161569920039	20.40835011902582
1710252920.287198	55.91161569920039	20.40835011902582
1710252920.430195	55.91161569920039	20.38820728804248
1710252920.5732193	55.91161569920039	20.40835011902582
1710252920.716513	55.91161569920039	20.38820728804248
1710252920.8855212	55.91161569920039	20.40835011902582
1710252921.0284069	55.91161569920039	20.40835011902582
1710252921.171402	55.91161569920039	20.38820728804248
1710252921.314258	55.91161569920039	20.38820728804248
1710252921.4572709	55.91161569920039	20.38820728804248
1710252921.601558	55.89330403467009	20.38820728804248
1710252921.7615762	55.89330403467009	20.38820728804248
1710252921.905297	55.89330403467009	20.40835011902582
1710252922.0482929	55.89330403467009	20.40835011902582
1710252922.1925824	55.89330403467009	20.40835011902582
1710252922.35033	55.89330403467009	20.38820728804248
1710252922.510352	55.89330403467009	20.38820728804248
1710252922.6706176	55.89330403467009	20.38820728804248
1710252922.8133533	55.89330403467009	20.38820728804248
1710252922.9576533	55.89330403467009	20.38820728804248
1710252923.1004589	55.89330403467009	20.38820728804248
1710252923.2433994	55.86888848196301	20.38820728804248
1710252923.401347	55.86888848196301	20.38820728804248
1710252923.5444007	55.86888848196301	20.38820728804248
1710252923.6886795	55.86888848196301	20.38820728804248
1710252923.8594246	55.86888848196301	20.38820728804248
1710252924.0024369	55.86888848196301	20.38820728804248
1710252924.1454463	55.86888848196301	20.38820728804248
1710252924.2874496	55.86888848196301	20.40835011902582
1710252924.4314501	55.86888848196301	20.38820728804248
1710252924.589483	55.86888848196301	20.38820728804248
1710252924.7336369	55.86888848196301	20.40835011902582
1710252924.8914883	55.844472929255936	20.38820728804248
1710252925.0345025	55.844472929255936	20.38820728804248
1710252925.1937714	55.844472929255936	20.38820728804248
1710252925.336786	55.844472929255936	20.38820728804248
1710252925.4806163	55.844472929255936	20.40835011902582
1710252925.623552	55.844472929255936	20.40835011902582
1710252925.7675564	55.844472929255936	20.38820728804248
1710252925.9105542	55.844472929255936	20.38820728804248
1710252926.0535786	55.844472929255936	20.38820728804248
1710252926.212835	55.844472929255936	20.38820728804248
1710252926.3555741	55.844472929255936	20.378135872550814
1710252926.5168705	55.82005737654886	20.38820728804248
1710252926.6756012	55.82005737654886	20.38820728804248
1710252926.8347824	55.82005737654886	20.38820728804248
1710252927.0056298	55.82005737654886	20.378135872550814
1710252927.1646314	55.82005737654886	20.38820728804248
1710252927.3076606	55.82005737654886	20.38820728804248
1710252927.4506466	55.795641823841784	20.38820728804248
1710252927.6099474	55.795641823841784	20.38820728804248
1710252927.7699804	55.82005737654886	20.38820728804248
1710252927.9127676	55.82005737654886	20.378135872550814
1710252928.073008	55.795641823841784	20.38820728804248
1710252928.215701	55.795641823841784	20.38820728804248
1710252928.3586552	55.795641823841784	20.38820728804248
1710252928.516725	55.795641823841784	20.38820728804248
1710252928.661851	55.795641823841784	20.378135872550814
1710252928.806044	55.795641823841784	20.378135872550814
1710252928.9487503	55.795641823841784	20.38820728804248
1710252929.106705	55.771226271134715	20.378135872550814
1710252929.249778	55.771226271134715	20.38820728804248
1710252929.4077728	55.771226271134715	20.38820728804248
1710252929.566786	55.771226271134715	20.38820728804248
1710252929.709802	55.771226271134715	20.38820728804248
1710252929.8538113	55.771226271134715	20.38820728804248
1710252930.0248244	55.771226271134715	20.378135872550814
1710252930.1681004	55.771226271134715	20.378135872550814
1710252930.311827	55.74681071842764	20.378135872550814
1710252930.4538476	55.74681071842764	20.38820728804248
1710252930.5988657	55.74681071842764	20.38820728804248
1710252930.7418585	55.74681071842764	20.378135872550814
1710252930.885977	55.74681071842764	20.38820728804248
1710252931.0289655	55.74681071842764	20.378135872550814
1710252931.1731422	55.74681071842764	20.38820728804248
1710252931.3159082	55.72849905389733	20.378135872550814
1710252931.4591687	55.74681071842764	20.38820728804248
1710252931.6179373	55.72849905389733	20.38820728804248
1710252931.7759335	55.72849905389733	20.378135872550814
1710252931.9360716	55.72849905389733	20.378135872550814
1710252932.0792296	55.72849905389733	20.38820728804248
1710252932.2379656	55.70408350119026	20.38820728804248
1710252932.3959641	55.72849905389733	20.378135872550814
1710252932.5389774	55.72849905389733	20.38820728804248
1710252932.6830585	55.70408350119026	20.38820728804248
1710252932.8260055	55.70408350119026	20.38820728804248
1710252932.969005	55.70408350119026	20.38820728804248
1710252933.1572819	55.70408350119026	20.378135872550814
1710252933.299041	55.70408350119026	20.378135872550814
1710252933.4591112	55.679667948483186	20.378135872550814
1710252933.6192968	55.679667948483186	20.38820728804248
1710252933.7620537	55.679667948483186	20.378135872550814
1710252933.9050388	55.679667948483186	20.378135872550814
1710252934.0653431	55.679667948483186	20.378135872550814
1710252934.2083545	55.679667948483186	20.378135872550814
1710252934.3523736	55.65525239577611	20.38820728804248
1710252934.4963863	55.65525239577611	20.378135872550814
1710252934.6391082	55.65525239577611	20.378135872550814
1710252934.7833917	55.65525239577611	20.378135872550814
1710252934.9260833	55.65525239577611	20.38820728804248
1710252935.0863934	55.65525239577611	20.38820728804248
1710252935.2294357	55.65525239577611	20.40835011902582
1710252935.3892062	55.65525239577611	20.38820728804248
1710252935.5311608	55.65525239577611	20.38820728804248
1710252935.6901948	55.630836843069034	20.38820728804248
1710252935.8504586	55.630836843069034	20.38820728804248
1710252935.99319	55.630836843069034	20.38820728804248
1710252936.1662076	55.630836843069034	20.38820728804248
1710252936.3103354	55.630836843069034	20.378135872550814
1710252936.4531865	55.630836843069034	20.378135872550814
1710252936.5975254	55.60642129036196	20.38820728804248
1710252936.7562444	55.60642129036196	20.38820728804248
1710252936.8995297	55.60642129036196	20.378135872550814
1710252937.0422587	55.60642129036196	20.38820728804248
1710252937.1854389	55.588109625831656	20.378135872550814
1710252937.3455672	55.588109625831656	20.378135872550814
1710252937.4882894	55.588109625831656	20.378135872550814
1710252937.631323	55.588109625831656	20.378135872550814
1710252937.77558	55.588109625831656	20.378135872550814
1710252937.9345756	55.56369407312458	20.378135872550814
1710252938.0773365	55.56369407312458	20.378135872550814
1710252938.2203448	55.56369407312458	20.378135872550814
1710252938.3646321	55.56369407312458	20.378135872550814
1710252938.5245383	55.56369407312458	20.38820728804248
1710252938.6696336	55.56369407312458	20.38820728804248
1710252938.8123937	55.56369407312458	20.378135872550814
1710252938.9566667	55.539278520417504	20.378135872550814
1710252939.0993907	55.539278520417504	20.378135872550814
1710252939.2704124	55.539278520417504	20.378135872550814
1710252939.414412	55.539278520417504	20.378135872550814
1710252939.574437	55.502655191356894	20.357993041567475
1710252939.7174363	55.539278520417504	20.38820728804248
1710252939.8597164	55.51486296771043	20.378135872550814
1710252940.0024893	55.51486296771043	20.378135872550814
1710252940.1454618	55.51486296771043	20.38820728804248
1710252940.305749	55.49044741500336	20.378135872550814
1710252940.4484878	55.51486296771043	20.378135872550814
1710252940.5914683	55.49044741500336	20.378135872550814
1710252940.7336557	55.49044741500336	20.378135872550814
1710252940.8765247	55.49044741500336	20.378135872550814
1710252941.0355337	55.47213575047305	20.378135872550814
1710252941.1785364	55.47213575047305	20.38820728804248
1710252941.3216765	55.47213575047305	20.378135872550814
1710252941.4797316	55.47213575047305	20.38820728804248
1710252941.6226494	55.47213575047305	20.378135872550814
1710252941.7655673	55.47213575047305	20.378135872550814
1710252941.9085863	55.459927974119516	20.378135872550814
1710252942.0516407	55.459927974119516	20.378135872550814
1710252942.2395976	55.459927974119516	20.378135872550814
1710252942.382596	55.43551242141244	20.378135872550814
1710252942.5286136	55.43551242141244	20.357993041567475
1710252942.6729019	55.42940853323567	20.378135872550814
1710252942.831926	55.43551242141244	20.378135872550814
1710252942.975592	55.43551242141244	20.378135872550814
1710252943.1349323	55.43551242141244	20.378135872550814
1710252943.277667	55.43551242141244	20.378135872550814
1710252943.4206164	55.41720075688213	20.378135872550814
1710252943.5636976	55.41720075688213	20.378135872550814
1710252943.722822	55.39278520417506	20.378135872550814
1710252943.8668296	55.39278520417506	20.378135872550814
1710252944.0246758	55.39278520417506	20.378135872550814
1710252944.185798	55.39278520417506	20.378135872550814
1710252944.3287385	55.39278520417506	20.357993041567475
1710252944.4720082	55.38057742782152	20.357993041567475
1710252944.6318812	55.36836965146799	20.378135872550814
1710252944.7897482	55.36836965146799	20.378135872550814
1710252944.9489386	55.331746322407376	20.357993041567475
1710252945.1079042	55.331746322407376	20.357993041567475
1710252945.2808006	55.331746322407376	20.357993041567475
1710252945.423779	55.331746322407376	20.357993041567475
1710252945.5668135	55.331746322407376	20.378135872550814
1710252945.7248344	55.3073307697003	20.357993041567475
1710252945.8690088	55.3073307697003	20.357993041567475
1710252946.0278406	55.3073307697003	20.357993041567475
1710252946.1719081	55.3073307697003	20.357993041567475
1710252946.3312044	55.3073307697003	20.357993041567475
1710252946.491147	55.29512299334676	20.378135872550814
1710252946.6509752	55.282915216993224	20.357993041567475
1710252946.7950444	55.282915216993224	20.357993041567475
1710252946.9381657	55.282915216993224	20.357993041567475
1710252947.0972216	55.27681132881646	20.378135872550814
1710252947.258183	55.264603552462916	20.357993041567475
1710252947.4159176	55.27681132881646	20.357993041567475
1710252947.5590277	55.264603552462916	20.357993041567475
1710252947.701942	55.264603552462916	20.357993041567475
1710252947.844964	55.24018799975585	20.357993041567475
1710252948.0042667	55.24018799975585	20.357993041567475
1710252948.1630692	55.24018799975585	20.357993041567475
1710252948.3222864	55.21577244704877	20.357993041567475
1710252948.495005	55.21577244704877	20.357993041567475
1710252948.6550887	55.21577244704877	20.357993041567475
1710252948.7990317	55.21577244704877	20.357993041567475
1710252948.942021	55.21577244704877	20.357993041567475
1710252949.1013193	55.191356894341695	20.357993041567475
1710252949.2600427	55.191356894341695	20.357993041567475
1710252949.4041126	55.191356894341695	20.357993041567475
1710252949.56435	55.16694134163462	20.357993041567475
1710252949.7070818	55.16694134163462	20.357993041567475
1710252949.8513417	55.16694134163462	20.357993041567475
1710252950.00911	55.16694134163462	20.357993041567475
1710252950.15511	55.16694134163462	20.357993041567475
1710252950.313197	55.14252578892755	20.357993041567475
1710252950.4573941	55.14252578892755	20.357993041567475
1710252950.6171489	55.154733565281084	20.378135872550814
1710252950.7761507	55.14252578892755	20.357993041567475
1710252950.9204123	55.14252578892755	20.357993041567475
1710252951.0631719	55.12421412439724	20.357993041567475
1710252951.207447	55.12421412439724	20.357993041567475
1710252951.3501768	55.12421412439724	20.357993041567475
1710252951.5374815	55.099798571690165	20.357993041567475
1710252951.681373	55.099798571690165	20.34792162607581
1710252951.8254602	55.099798571690165	20.357993041567475
1710252951.969366	55.099798571690165	20.357993041567475
1710252952.1282299	55.07538301898309	20.357993041567475
1710252952.287397	55.07538301898309	20.357993041567475
1710252952.430226	55.07538301898309	20.357993041567475
1710252952.5904102	55.05096746627602	20.357993041567475
1710252952.750543	55.05096746627602	20.357993041567475
1710252952.91056	55.05096746627602	20.357993041567475
1710252953.0545764	55.05096746627602	20.357993041567475
1710252953.213435	55.026551913568944	20.357993041567475
1710252953.3574438	55.03875968992248	20.357993041567475
1710252953.5175948	55.026551913568944	20.357993041567475
1710252953.6774564	55.00213636086187	20.357993041567475
1710252953.8363535	55.00213636086187	20.357993041567475
1710252953.979362	55.00213636086187	20.357993041567475
1710252954.123624	55.00213636086187	20.357993041567475
1710252954.2663786	55.00213636086187	20.357993041567475
1710252954.4104114	54.97772080815479	20.357993041567475
1710252954.598664	54.97772080815479	20.357993041567475
1710252954.7404	54.97772080815479	20.357993041567475
1710252954.9006987	54.95940914362449	20.357993041567475
1710252955.043443	54.971616919978025	20.357993041567475
1710252955.2044387	54.971616919978025	20.378135872550814
1710252955.3474274	54.94720136727095	20.378135872550814
1710252955.5064654	54.94720136727095	20.378135872550814
1710252955.6505456	54.94720136727095	20.357993041567475
1710252955.794454	54.94720136727095	20.357993041567475
1710252955.9386098	54.92278581456388	20.357993041567475
1710252956.0987236	54.92278581456388	20.357993041567475
1710252956.2414935	54.934993590917415	20.357993041567475
1710252956.4020922	54.898370261856805	20.357993041567475
1710252956.5637622	54.898370261856805	20.357993041567475
1710252956.7237017	54.898370261856805	20.357993041567475
1710252956.8825264	54.91057803821034	20.378135872550814
1710252957.0255566	54.91057803821034	20.357993041567475
1710252957.1707335	54.87395470914973	20.34792162607581
1710252957.313555	54.87395470914973	20.357993041567475
1710252957.472683	54.84953915644265	20.357993041567475
1710252957.632852	54.84953915644265	20.357993041567475
1710252957.8027523	54.861746932796194	20.357993041567475
1710252957.9467702	54.82512360373558	20.357993041567475
1710252958.1067688	54.82512360373558	20.357993041567475
1710252958.2496238	54.82512360373558	20.357993041567475
1710252958.40859	54.806811939205275	20.357993041567475
1710252958.5537772	54.81291582738204	20.357993041567475
1710252958.6976957	54.806811939205275	20.357993041567475
1710252958.840939	54.806811939205275	20.357993041567475
1710252958.9989462	54.7823963864982	20.34792162607581
1710252959.1426802	54.7823963864982	20.357993041567475
1710252959.2846813	54.7823963864982	20.357993041567475
1710252959.4436986	54.75798083379112	20.357993041567475
1710252959.6039865	54.75798083379112	20.357993041567475
1710252959.7468262	54.75798083379112	20.357993041567475
1710252959.8890214	54.75798083379112	20.357993041567475
1710252960.0317385	54.73356528108405	20.357993041567475
1710252960.1768913	54.73356528108405	20.357993041567475
1710252960.3197565	54.73356528108405	20.357993041567475
1710252960.4638808	54.70914972837698	20.357993041567475
1710252960.6230564	54.70914972837698	20.357993041567475
1710252960.810916	54.70914972837698	20.357993041567475
1710252960.9547927	54.70914972837698	20.357993041567475
1710252961.097805	54.6847341756699	20.357993041567475
1710252961.257079	54.6847341756699	20.34792162607581
1710252961.399829	54.6847341756699	20.34792162607581
1710252961.5438344	54.6847341756699	20.357993041567475
1710252961.6868396	54.660318622962826	20.357993041567475
1710252961.845932	54.660318622962826	20.357993041567475
1710252961.9888558	54.660318622962826	20.357993041567475
1710252962.1478684	54.642006958432525	20.34792162607581
1710252962.306144	54.642006958432525	20.34792162607581
1710252962.4488811	54.642006958432525	20.34792162607581
1710252962.6069102	54.642006958432525	20.34792162607581
1710252962.7499099	54.61759140572545	20.34792162607581
1710252962.891907	54.61759140572545	20.34792162607581
1710252963.0349343	54.61759140572545	20.34792162607581
1710252963.1929367	54.59317585301837	20.357993041567475
1710252963.3372464	54.59317585301837	20.34792162607581
1710252963.4950953	54.5687603003113	20.357993041567475
1710252963.6389625	54.5687603003113	20.34792162607581
1710252963.7822576	54.5687603003113	20.34792162607581
1710252963.9531283	54.5687603003113	20.34792162607581
1710252964.1121414	54.54434474760422	20.34792162607581
1710252964.255008	54.54434474760422	20.34792162607581
1710252964.39801	54.54434474760422	20.34792162607581
1710252964.5400329	54.54434474760422	20.34792162607581
1710252964.6830318	54.51992919489715	20.34792162607581
1710252964.8423152	54.51992919489715	20.34792162607581
1710252964.9853265	54.51992919489715	20.34792162607581
1710252965.1293561	54.50161753036684	20.34792162607581
1710252965.2720563	54.50161753036684	20.34792162607581
1710252965.4311175	54.50161753036684	20.34792162607581
1710252965.5913417	54.483305865836535	20.34792162607581
1710252965.7501502	54.483305865836535	20.34792162607581
1710252965.89443	54.483305865836535	20.34792162607581
1710252966.0371108	54.458890313129466	20.34792162607581
1710252966.1964388	54.458890313129466	20.357993041567475
1710252966.3564227	54.458890313129466	20.337850210584143
1710252966.4991455	54.458890313129466	20.337850210584143
1710252966.659445	54.43447476042239	20.34792162607581
1710252966.803454	54.43447476042239	20.34792162607581
1710252966.9924805	54.422266984068855	20.34792162607581
1710252967.1521907	54.422266984068855	20.34792162607581
1710252967.2951906	54.422266984068855	20.337850210584143
1710252967.4532058	54.39785143136178	20.34792162607581
1710252967.5962079	54.39785143136178	20.34792162607581
1710252967.7393317	54.39785143136178	20.34792162607581
1710252967.8833978	54.39785143136178	20.34792162607581
1710252968.0433586	54.3734358786547	20.34792162607581
1710252968.202542	54.3734358786547	20.34792162607581
1710252968.3463576	54.3734358786547	20.34792162607581
1710252968.4892943	54.3734358786547	20.34792162607581
1710252968.634464	54.355124214124395	20.34792162607581
1710252968.7783682	54.355124214124395	20.34792162607581
1710252968.9222965	54.355124214124395	20.34792162607581
1710252969.066327	54.355124214124395	20.34792162607581
1710252969.210579	54.330708661417326	20.337850210584143
1710252969.3533373	54.330708661417326	20.337850210584143
1710252969.4963374	54.330708661417326	20.34792162607581
1710252969.6566133	54.30629310871025	20.34792162607581
1710252969.7993603	54.30629310871025	20.34792162607581
1710252969.9725215	54.30629310871025	20.34792162607581
1710252970.1155667	54.281877556003174	20.34792162607581
1710252970.2606685	54.281877556003174	20.337850210584143
1710252970.403391	54.281877556003174	20.337850210584143
1710252970.5464082	54.281877556003174	20.337850210584143
1710252970.690683	54.2574620032961	20.337850210584143
1710252970.8496957	54.2574620032961	20.34792162607581
1710252970.9934483	54.2574620032961	20.34792162607581
1710252971.1364431	54.2574620032961	20.34792162607581
1710252971.2787113	54.2574620032961	20.34792162607581
1710252971.4375045	54.23304645058902	20.34792162607581
1710252971.5977247	54.23304645058902	20.337850210584143
1710252971.7405274	54.23304645058902	20.337850210584143
1710252971.899577	54.20863089788195	20.337850210584143
1710252972.05852	54.20863089788195	20.34792162607581
1710252972.2187927	54.20863089788195	20.34792162607581
1710252972.36153	54.20863089788195	20.337850210584143
1710252972.5045326	54.190319233351644	20.34792162607581
1710252972.6648004	54.190319233351644	20.337850210584143
1710252972.8075426	54.190319233351644	20.34792162607581
1710252972.94957	54.190319233351644	20.34792162607581
1710252973.1366692	54.16590368064457	20.34792162607581
1710252973.279867	54.16590368064457	20.34792162607581
1710252973.439585	54.1414881279375	20.34792162607581
1710252973.5997353	54.1414881279375	20.34792162607581
1710252973.7427185	54.153695904291034	20.34792162607581
1710252973.887828	54.1414881279375	20.34792162607581
1710252974.0305827	54.1414881279375	20.34792162607581
1710252974.176947	54.117072575230424	20.34792162607581
1710252974.3197842	54.117072575230424	20.34792162607581
1710252974.479959	54.117072575230424	20.34792162607581
1710252974.6226587	54.117072575230424	20.34792162607581
1710252974.7829697	54.09265702252335	20.34792162607581
1710252974.9269917	54.09265702252335	20.34792162607581
1710252975.0859876	54.06824146981627	20.34792162607581
1710252975.229983	54.06824146981627	20.34792162607581
1710252975.388721	54.06824146981627	20.34792162607581
1710252975.5477235	54.06824146981627	20.337850210584143
1710252975.7078874	54.043825917109196	20.34792162607581
1710252975.8529716	54.06824146981627	20.34792162607581
1710252976.0127983	54.043825917109196	20.34792162607581
1710252976.2007751	54.043825917109196	20.34792162607581
1710252976.3440444	54.043825917109196	20.34792162607581
1710252976.4880555	54.025514252578894	20.337850210584143
1710252976.649077	54.025514252578894	20.337850210584143
1710252976.79407	54.025514252578894	20.34792162607581
1710252976.9540856	54.025514252578894	20.337850210584143
1710252977.0968246	54.025514252578894	20.34792162607581
1710252977.2410018	54.00109869987182	20.34792162607581
1710252977.3849866	54.00109869987182	20.34792162607581
1710252977.5278425	54.00109869987182	20.34792162607581
1710252977.6880195	54.00109869987182	20.337850210584143
1710252977.8321571	54.00109869987182	20.34792162607581
1710252977.9920597	53.97668314716474	20.34792162607581
1710252978.1348803	53.97668314716474	20.357993041567475
1710252978.2791593	53.97668314716474	20.34792162607581
1710252978.4240327	53.952267594457666	20.34792162607581
1710252978.5689256	53.952267594457666	20.34792162607581
1710252978.711918	53.952267594457666	20.34792162607581
1710252978.8712058	53.952267594457666	20.34792162607581
1710252979.015217	53.952267594457666	20.337850210584143
1710252979.1590798	53.9278520417506	20.34792162607581
1710252979.3502457	53.9278520417506	20.337850210584143
1710252979.4930642	53.9278520417506	20.34792162607581
1710252979.6361763	53.9278520417506	20.34792162607581
1710252979.779267	53.90343648904352	20.34792162607581
1710252979.9382834	53.90343648904352	20.357993041567475
1710252980.0820215	53.90343648904352	20.34792162607581
1710252980.2410324	53.90343648904352	20.337850210584143
1710252980.4013097	53.89122871268999	20.337850210584143
1710252980.5603116	53.89122871268999	20.34792162607581
1710252980.7213101	53.89122871268999	20.34792162607581
1710252980.880341	53.89122871268999	20.357993041567475
1710252981.024075	53.89122871268999	20.34792162607581
1710252981.1692286	53.89122871268999	20.34792162607581
1710252981.3270938	53.87291704815968	20.34792162607581
1710252981.4711132	53.87291704815968	20.34792162607581
1710252981.6292045	53.87291704815968	20.34792162607581
1710252981.7892513	53.87291704815968	20.34792162607581
1710252981.9484143	53.8485014954526	20.337850210584143
1710252982.0921314	53.8485014954526	20.337850210584143
1710252982.2361596	53.8485014954526	20.337850210584143
1710252982.424409	53.8485014954526	20.337850210584143
1710252982.5671744	53.8485014954526	20.337850210584143
1710252982.7113268	53.824085942745526	20.34792162607581
1710252982.8541973	53.824085942745526	20.34792162607581
1710252983.0123215	53.824085942745526	20.337850210584143
1710252983.156208	53.824085942745526	20.337850210584143
1710252983.2982187	53.824085942745526	20.337850210584143
1710252983.4414175	53.824085942745526	20.34792162607581
1710252983.6025326	53.79967039003846	20.337850210584143
1710252983.762539	53.79967039003846	20.34792162607581
1710252983.9215229	53.79967039003846	20.337850210584143
1710252984.0642786	53.79967039003846	20.34792162607581
1710252984.2083902	53.77525483733138	20.337850210584143
1710252984.351355	53.77525483733138	20.34792162607581
1710252984.5105748	53.77525483733138	20.34792162607581
1710252984.6693022	53.77525483733138	20.337850210584143
1710252984.8134837	53.77525483733138	20.337850210584143
1710252984.9725976	53.77525483733138	20.337850210584143
1710252985.1316319	53.750839284624305	20.337850210584143
1710252985.2743485	53.750839284624305	20.337850210584143
1710252985.4463873	53.750839284624305	20.337850210584143
1710252985.5893514	53.750839284624305	20.34792162607581
1710252985.733535	53.750839284624305	20.34792162607581
1710252985.877686	53.732527620094	20.337850210584143
1710252986.036403	53.732527620094	20.337850210584143
1710252986.180575	53.732527620094	20.34792162607581
1710252986.3404121	53.732527620094	20.34792162607581
1710252986.4834237	53.732527620094	20.337850210584143
1710252986.6277106	53.732527620094	20.34792162607581
1710252986.7727094	53.732527620094	20.337850210584143
1710252986.916595	53.732527620094	20.337850210584143
1710252987.0594583	53.70811206738693	20.337850210584143
1710252987.202456	53.70811206738693	20.34792162607581
1710252987.3457375	53.70811206738693	20.337850210584143
1710252987.4885015	53.70811206738693	20.34792162607581
1710252987.6475253	53.70811206738693	20.337850210584143
1710252987.806725	53.70811206738693	20.337850210584143
1710252987.9655242	53.68369651467985	20.337850210584143
1710252988.1095374	53.68369651467985	20.337850210584143
1710252988.2515304	53.68369651467985	20.337850210584143
1710252988.4245546	53.68369651467985	20.337850210584143
1710252988.566552	53.68369651467985	20.337850210584143
1710252988.7118273	53.659280961972776	20.337850210584143
1710252988.8558354	53.659280961972776	20.317707379600805
1710252989.0155866	53.659280961972776	20.337850210584143
1710252989.1755912	53.659280961972776	20.337850210584143
1710252989.3186023	53.659280961972776	20.337850210584143
1710252989.4626825	53.659280961972776	20.337850210584143
1710252989.6216185	53.659280961972776	20.337850210584143
1710252989.779614	53.6348654092657	20.337850210584143
1710252989.923702	53.6348654092657	20.337850210584143
1710252990.0666113	53.6348654092657	20.337850210584143
1710252990.209767	53.6348654092657	20.337850210584143
1710252990.3526661	53.6348654092657	20.337850210584143
1710252990.4956336	53.61044985655863	20.337850210584143
1710252990.6406827	53.61044985655863	20.337850210584143
1710252990.7836914	53.61044985655863	20.337850210584143
1710252990.9427133	53.61044985655863	20.317707379600805
1710252991.0857165	53.61044985655863	20.337850210584143
1710252991.2447321	53.586034303851555	20.337850210584143
1710252991.387713	53.586034303851555	20.337850210584143
1710252991.5606928	53.61044985655863	20.337850210584143
1710252991.7049744	53.586034303851555	20.337850210584143
1710252991.847857	53.586034303851555	20.337850210584143
1710252991.9918387	53.586034303851555	20.337850210584143
1710252992.1357412	53.586034303851555	20.337850210584143
1710252992.2790623	53.586034303851555	20.337850210584143
1710252992.4228172	53.586034303851555	20.337850210584143
1710252992.5829134	53.567722639321246	20.337850210584143
1710252992.7268126	53.567722639321246	20.337850210584143
1710252992.8858366	53.567722639321246	20.337850210584143
1710252993.0288343	53.567722639321246	20.337850210584143
1710252993.187862	53.567722639321246	20.317707379600805
1710252993.3298604	53.567722639321246	20.317707379600805
1710252993.4728103	53.567722639321246	20.317707379600805
1710252993.6318843	53.54330708661417	20.317707379600805
1710252993.7758877	53.54330708661417	20.337850210584143
1710252993.919887	53.54330708661417	20.337850210584143
1710252994.0629141	53.54330708661417	20.317707379600805
1710252994.2229195	53.54330708661417	20.337850210584143
1710252994.366931	53.54330708661417	20.337850210584143
1710252994.5369303	53.54330708661417	20.337850210584143
1710252994.6799424	53.5188915339071	20.317707379600805
1710252994.8402297	53.5188915339071	20.337850210584143
1710252994.9830563	53.5188915339071	20.337850210584143
1710252995.14197	53.5188915339071	20.337850210584143
1710252995.2849886	53.5188915339071	20.337850210584143
1710252995.4442565	53.494475981200026	20.337850210584143
1710252995.5869703	53.494475981200026	20.34792162607581
1710252995.730163	53.494475981200026	20.337850210584143
1710252995.8740306	53.494475981200026	20.337850210584143
1710252996.0170374	53.494475981200026	20.337850210584143
1710252996.1600132	53.494475981200026	20.317707379600805
1710252996.3200474	53.47006042849295	20.337850210584143
1710252996.4800613	53.47006042849295	20.34792162607581
1710252996.6243575	53.47006042849295	20.337850210584143
1710252996.7680907	53.47006042849295	20.337850210584143
1710252996.9260871	53.47006042849295	20.337850210584143
1710252997.0691056	53.47006042849295	20.317707379600805
1710252997.2292595	53.445644875785874	20.317707379600805
1710252997.389096	53.445644875785874	20.34792162607581
1710252997.5641372	53.445644875785874	20.337850210584143
1710252997.7084165	53.445644875785874	20.337850210584143
1710252997.8681438	53.445644875785874	20.337850210584143
1710252998.026187	53.4212293230788	20.337850210584143
1710252998.1854568	53.4212293230788	20.317707379600805
1710252998.328193	53.4212293230788	20.337850210584143
1710252998.4712024	53.4212293230788	20.337850210584143
1710252998.629202	53.4212293230788	20.337850210584143
1710252998.7893546	53.402917658548496	20.337850210584143
1710252998.948489	53.402917658548496	20.317707379600805
1710252999.0912168	53.402917658548496	20.337850210584143
1710252999.2343347	53.402917658548496	20.317707379600805
1710252999.3932438	53.402917658548496	20.337850210584143
1710252999.5372548	53.402917658548496	20.34792162607581
1710252999.6965582	53.39070988219496	20.34792162607581
1710252999.8402703	53.39070988219496	20.337850210584143
1710252999.9983847	53.37850210584142	20.337850210584143
1710253000.1422923	53.37850210584142	20.337850210584143
1710253000.301373	53.366294329487886	20.337850210584143
1710253000.4443064	53.366294329487886	20.317707379600805
1710253000.6035903	53.366294329487886	20.337850210584143
1710253000.7773507	53.366294329487886	20.337850210584143
1710253000.920292	53.366294329487886	20.317707379600805
1710253001.063435	53.366294329487886	20.317707379600805
1710253001.206369	53.366294329487886	20.337850210584143
1710253001.3655672	53.34187877678081	20.337850210584143
1710253001.525553	53.34187877678081	20.317707379600805
1710253001.6684816	53.34187877678081	20.317707379600805
1710253001.8116615	53.34187877678081	20.317707379600805
1710253001.9694252	53.34187877678081	20.317707379600805
1710253002.1124213	53.34187877678081	20.337850210584143
1710253002.2704241	53.317463224073734	20.317707379600805
1710253002.4144628	53.317463224073734	20.317707379600805
1710253002.5724273	53.317463224073734	20.317707379600805
1710253002.7154667	53.317463224073734	20.337850210584143
1710253002.8585749	53.317463224073734	20.337850210584143
1710253003.016475	53.317463224073734	20.337850210584143
1710253003.159839	53.317463224073734	20.317707379600805
1710253003.303712	53.29304767136666	20.317707379600805
1710253003.4625044	53.29304767136666	20.317707379600805
1710253003.6247811	53.29304767136666	20.317707379600805
1710253003.7965388	53.29304767136666	20.317707379600805
1710253003.9406211	53.29304767136666	20.337850210584143
1710253004.0835462	53.29304767136666	20.317707379600805
1710253004.2265606	53.26863211865959	20.337850210584143
1710253004.3868651	53.26863211865959	20.317707379600805
1710253004.530575	53.26863211865959	20.317707379600805
1710253004.6735744	53.26863211865959	20.337850210584143
1710253004.8338916	53.26863211865959	20.317707379600805
1710253004.9778986	53.25032045412928	20.337850210584143
1710253005.1367357	53.25032045412928	20.337850210584143
1710253005.2796245	53.25032045412928	20.317707379600805
1710253005.423626	53.25032045412928	20.337850210584143
1710253005.5666423	53.225904901422204	20.337850210584143
1710253005.7105968	53.225904901422204	20.337850210584143
1710253005.8536444	53.225904901422204	20.337850210584143
1710253005.996653	53.225904901422204	20.337850210584143
1710253006.1396508	53.225904901422204	20.337850210584143
1710253006.282627	53.225904901422204	20.337850210584143
1710253006.4266448	53.225904901422204	20.337850210584143
1710253006.5708225	53.225904901422204	20.337850210584143
